1129
1128
956
555
667
1126
1123
1122
1118
1116
1114
1109
1106
1103
1041
1102
1100
329
1002
1
415
1096
1094
983
1091
7
1089
1003
1088
346
400
672
1087
1086
1084
1083
1120
1079
1078
1077
1076
340
210
1075
1073
1070
1067
1065
1063
1062
1059
1058
1056
701
1053
1046
1044
1022
1043
1042
1039
1038
313
88
487
1037
105
1045
1033
1031
594
199
1030
1026
1016
1009
982
1008
1014
610
416
995
1005
1004
1001
999
998
996
993
321
991
990
989
503
148
175
988
165
985
981
976
975
970
73
968
728
901
965
964
962
959
954
793
951
950
949
947
946
945
940
939
402
893
116
937
936
929
800
1112
927
926
924
972
922
921
920
919
720
51
629
953
271
918
916
914
912
908
907
903
827
902
900
899
890
888
480
887
886
882
881
880
876
872
870
868
227
448
867
865
864
863
482
447
861
190
859
858
857
855
853
849
289
695
847
1055
844
204
638
843
842
450
840
668
839
562
837
836
833
832
831
830
829
754
716
980
1095
896
866
178
828
823
694
821
816
68
812
822
82
811
126
810
808
807
305
1117
806
530
387
803
935
515
1121
802
98
221
799
99
546
851
969
690
679
845
433
16
737
797
977
814
795
794
790
789
787
786
593
784
783
780
777
93
205
774
130
773
772
941
841
140
771
769
767
388
766
764
763
762
163
1081
760
758
846
757
756
639
1115
879
755
753
1119
1064
750
749
748
746
94
741
735
734
971
733
578
261
474
848
730
727
818
724
723
834
722
719
718
711
278
860
710
1061
499
709
708
332
560
89
154
548
536
895
1099
966
1048
662
602
705
704
702
700
699
1080
698
692
1072
801
691
689
688
322
686
685
731
683
187
682
681
677
661
659
658
655
652
648
647
645
373
634
633
632
631
630
216
383
626
625
267
624
623
621
1090
619
617
1011
79
616
42
615
885
614
613
743
612
608
604
603
600
597
595
592
591
588
739
579
72
71
256
915
585
584
583
558
21
581
1068
577
649
1130
1018
574
528
556
573
572
570
609
568
297
1124
567
565
269
644
967
1019
564
563
561
255
3
2
552
550
429
545
544
543
660
539
538
569
535
534
533
531
529
776
56
180
526
525
524
523
519
518
517
514
512
511
467
510
944
75
509
504
501
498
856
744
312
230
496
1085
495
494
491
824
486
485
484
483
283
481
479
478
475
805
521
637
471
522
150
470
469
466
464
1093
463
462
461
459
472
540
1057
456
590
455
541
453
452
500
164
557
646
191
513
35
589
835
871
101
253
451
449
181
81
1051
445
443
444
1035
442
127
100
440
438
437
436
435
432
168
430
428
747
963
206
273
505
892
427
425
424
850
367
423
421
554
420
476
412
411
239
408
406
653
270
1050
330
142
44
651
405
401
820
770
606
404
1006
398
397
396
542
146
395
394
391
390
389
64
607
488
693
238
222
232
162
385
576
384
381
378
376
909
992
354
676
527
507
441
375
997
374
372
316
369
788
263
368
366
365
363
874
582
1097
324
826
300
707
360
359
357
356
426
355
353
352
351
350
349
18
497
636
348
347
344
259
59
393
508
986
343
862
960
342
341
339
336
333
258
1052
331
328
326
323
1101
380
1012
320
319
294
599
317
249
315
392
314
311
307
306
687
454
973
580
304
303
302
301
1032
1104
299
298
295
1023
293
502
292
288
286
285
729
284
281
781
170
279
775
55
942
386
277
276
268
266
265
264
898
262
712
260
254
252
611
371
251
250
248
246
245
338
241
913
752
240
804
173
1029
587
236
235
234
233
231
740
229
228
1036
226
219
218
1107
642
364
883
215
931
214
213
473
212
211
732
209
207
203
202
133
134
643
201
84
198
131
197
196
195
869
192
904
189
274
318
188
185
184
309
183
182
666
875
179
370
706
172
742
169
167
166
310
225
123
161
158
157
156
155
152
151
149
22
1020
547
654
1034
791
1040
147
145
715
761
144
97
1049
680
244
141
287
335
1071
703
139
897
291
571
759
928
45
138
137
1098
925
177
492
635
917
409
153
410
135
825
132
124
379
934
121
120
490
809
362
873
736
247
272
275
118
117
717
745
115
113
377
217
112
111
110
136
468
208
670
1013
108
854
280
1024
1113
673
889
641
1127
361
725
125
1027
106
237
418
1060
1015
678
813
337
765
952
838
50
596
979
224
671
994
905
957
439
933
129
553
627
86
586
663
697
90
40
910
104
200
738
282
414
407
961
69
987
656
878
122
358
713
85
674
532
923
932
176
605
782
726
23
419
1111
665
520
575
1105
128
457
103
566
102
91
49
186
684
325
334
506
1054
798
109
171
948
894
87
78
77
76
74
70
622
477
1066
1010
174
193
67
768
223
65
63
61
243
493
817
60
1028
58
327
852
1007
296
422
1069
57
434
906
675
620
958
650
54
664
751
53
52
1074
48
47
46
549
43
39
38
37
657
194
36
34
1021
721
33
32
413
66
31
537
403
446
792
891
242
96
62
815
257
30
29
696
399
1125
80
955
1082
114
974
796
431
27
26
160
41
25
1131
819
628
1000
24
20
19
220
17
15
984
1092
516
669
601
159
877
598
551
417
92
978
83
943
930
714
1108
458
1017
559
14
13
12
11
10
8
6
640
618
382
884
95
290
938
143
28
345
9
1025
465
308
460
779
1047
778
0
489
785
1110
911
107
119
5
4
