1850 851 1752
584 63 7 13 65 264
96 119 13 18 324 291
708 17 4 17 204 221
33 99 15 20 439 317
49 600 6 8 270 230
387 99 15 14 410 180
27 401 12 9 378 225
3 145 8 13 130 430
282 14 5 10 409 116
221 23 9 17 312 210
586 300 18 8 453 396
167 754 15 16 379 226
712 796 9 17 174 355
824 653 6 8 307 411
313 224 2 11 436 280
71 539 20 6 369 63
99 249 11 11 283 442
100 324 9 5 112 410
799 273 16 12 14 177
626 120 18 13 165 174
208 644 4 13 211 86
59 839 9 17 489 421
788 719 16 7 485 106
255 837 8 1 51 179
153 263 2 14 473 3
779 391 16 15 201 16
165 823 20 4 67 396
39 432 12 1 304 167
328 406 14 13 353 304
179 480 6 11 372 202
335 722 17 19 389 150
803 804 17 15 156 297
842 54 3 6 178 500
519 92 8 2 279 404
842 179 3 17 41 25
690 692 12 19 388 38
29 379 19 4 357 368
219 343 13 5 428 315
649 111 1 8 431 437
631 842 16 15 150 107
481 40 4 14 429 14
558 163 11 5 476 259
222 509 12 9 482 276
356 800 9 6 465 102
320 691 7 18 25 485
122 711 18 11 367 6
345 835 15 7 220 95
414 101 1 2 498 346
383 156 19 10 394 96
811 709 18 5 417 164
502 21 3 19 350 199
236 671 2 4 61 421
726 744 9 14 378 157
189 61 3 5 165 426
794 218 14 10 92 186
373 604 7 20 355 117
247 758 6 6 341 91
739 794 7 18 76 403
71 198 17 8 260 183
22 472 5 16 45 129
662 500 19 1 444 75
813 148 16 17 316 381
661 212 10 11 6 318
829 429 19 20 258 313
695 472 17 16 220 64
235 453 11 11 165 239
601 586 11 13 366 145
72 118 12 3 281 475
607 358 19 16 374 241
90 596 10 16 7 113
709 686 18 1 185 274
793 37 18 12 465 314
378 288 10 15 321 366
171 757 4 7 373 387
661 199 13 2 387 342
570 394 8 5 35 304
218 14 5 13 457 260
508 419 18 15 449 262
769 473 8 19 157 270
139 249 6 15 331 459
706 222 1 12 136 372
194 605 9 19 291 274
575 639 10 10 26 311
337 235 3 5 463 170
818 746 3 19 13 442
343 754 20 10 313 393
687 786 5 3 22 60
817 26 14 16 148 129
554 150 9 4 472 466
758 117 20 3 133 217
321 535 15 4 251 450
667 476 14 9 79 358
763 222 12 2 479 81
729 652 13 2 172 146
482 648 18 4 413 393
51 205 15 7 84 100
136 426 10 16 190 172
401 522 19 10 57 425
719 478 11 11 90 75
362 638 1 10 78 325
815 646 4 13 259 180
591 521 8 17 161 65
138 250 14 5 315 206
516 644 7 15 123 84
216 363 17 5 474 325
552 581 2 17 436 189
181 323 5 18 460 122
206 182 17 7 362 187
277 831 4 19 98 422
744 291 20 18 38 326
185 80 2 11 418 224
677 197 2 1 255 35
506 800 4 17 123 364
583 628 19 10 294 324
484 59 8 9 175 98
300 224 9 15 61 81
654 73 6 4 331 410
536 195 10 1 238 117
385 366 8 8 258 188
572 816 2 20 439 86
217 206 13 11 467 67
535 144 5 9 203 366
766 571 4 13 264 323
390 9 3 18 403 457
842 115 8 7 391 426
837 560 10 20 281 93
382 256 3 3 416 343
188 181 4 18 52 462
783 803 4 9 332 183
811 528 19 2 387 457
166 559 3 16 118 79
486 16 6 20 439 330
526 791 18 8 13 222
165 398 2 6 193 92
756 744 16 20 45 46
547 578 13 20 411 320
393 355 9 9 107 306
211 440 16 19 302 7
270 355 16 14 149 228
421 508 20 9 320 92
208 338 19 15 427 362
804 656 16 17 330 259
677 463 4 7 54 194
422 835 4 2 440 338
804 58 9 5 417 378
453 129 2 2 434 85
36 186 4 12 253 96
317 590 5 1 298 191
124 531 2 1 48 266
754 468 5 2 485 470
171 40 19 5 371 173
729 354 3 1 353 297
794 445 15 9 368 366
539 708 15 19 407 458
762 602 1 15 345 271
4 180 20 5 68 217
628 230 7 19 118 305
448 579 6 6 15 312
469 122 5 14 61 121
64 843 7 9 122 63
475 171 1 16 211 18
809 842 3 10 291 402
261 191 10 20 1 370
19 615 1 9 18 162
814 32 15 9 291 130
782 837 2 1 152 270
762 454 2 14 269 76
445 91 1 9 411 59
331 485 5 18 160 259
808 781 5 13 187 60
131 701 2 8 148 143
727 686 13 11 127 44
173 60 19 18 93 336
719 76 16 19 478 29
115 424 13 1 207 152
503 486 2 12 284 281
32 142 9 3 177 351
220 703 4 19 380 92
606 556 8 18 355 173
811 373 8 19 9 462
290 631 19 17 246 470
508 149 13 10 82 236
91 419 7 16 139 229
291 303 14 10 87 393
779 221 11 18 25 11
448 681 9 11 112 162
454 595 12 18 362 20
578 21 8 8 257 493
307 145 12 18 393 201
701 410 6 10 300 225
706 714 13 2 51 489
733 37 18 19 101 17
309 524 11 2 213 393
454 616 9 17 339 162
481 815 20 6 125 79
667 251 20 7 204 489
333 398 13 13 242 321
357 172 7 18 171 241
716 250 4 9 220 87
812 539 4 10 74 167
800 211 20 3 277 257
5 553 20 12 493 486
722 444 19 3 447 227
740 550 20 2 178 136
820 513 14 1 216 390
505 135 12 15 321 242
691 631 3 4 296 275
403 692 17 16 457 399
334 754 15 13 485 245
472 741 17 9 264 62
265 407 5 5 176 139
381 598 13 19 309 219
761 391 3 4 302 302
351 5 7 11 457 415
200 343 5 3 175 354
13 534 17 5 251 483
711 572 16 18 132 375
41 531 2 11 152 57
811 483 13 2 446 273
684 817 3 20 325 90
822 591 15 1 183 28
342 121 7 11 442 193
491 50 3 15 442 332
125 762 5 20 378 166
68 503 12 5 392 299
763 68 6 12 13 179
52 522 9 6 478 406
16 208 10 5 289 337
557 133 10 10 206 32
514 749 3 9 398 264
815 317 7 16 420 473
580 353 17 7 351 415
778 601 8 16 325 50
560 786 18 18 379 75
541 152 8 11 459 112
234 419 1 9 185 124
203 624 7 9 339 487
563 521 1 13 44 155
588 216 1 6 38 29
368 23 1 5 109 449
21 778 9 17 240 379
716 322 17 16 406 229
241 216 19 18 215 489
322 551 13 1 81 95
75 393 5 7 445 147
838 178 3 9 411 305
559 810 16 5 483 158
603 62 5 8 215 350
747 295 3 20 464 477
149 704 19 6 337 253
434 741 6 9 345 209
673 51 9 14 449 306
771 213 12 19 440 173
731 512 12 8 177 496
669 221 11 4 284 68
245 720 5 8 196 438
294 409 14 19 125 229
607 187 6 4 157 44
125 189 5 8 144 390
577 182 20 6 392 261
491 789 12 1 104 211
435 624 14 12 248 479
122 313 12 7 408 396
2 25 15 18 163 482
789 282 17 12 121 244
591 776 15 10 52 128
817 345 16 2 274 97
145 242 5 20 65 425
701 48 11 8 434 158
824 295 16 11 87 177
264 842 3 14 476 332
582 109 4 5 116 376
735 452 14 7 266 66
630 220 20 9 374 414
147 230 6 5 296 284
440 415 19 15 462 490
652 301 1 12 303 357
129 75 13 16 468 57
125 181 14 5 488 38
692 108 1 19 175 463
108 706 19 10 209 292
807 766 15 1 95 169
506 552 5 9 456 53
601 499 4 5 201 381
499 276 13 17 263 460
25 485 16 3 313 67
773 789 17 10 413 14
815 379 9 9 247 198
254 261 17 18 199 120
646 438 20 4 247 141
525 348 13 14 474 134
635 163 18 9 162 439
24 207 14 13 439 117
629 589 4 12 179 95
213 721 8 2 366 294
416 235 9 2 314 469
708 113 13 1 60 23
742 355 14 15 451 258
366 277 13 1 224 469
582 784 7 7 50 465
109 168 3 13 442 12
845 662 20 4 497 162
780 688 2 13 424 255
520 193 8 20 9 270
334 176 8 17 400 390
804 28 18 17 49 453
178 161 20 2 200 231
307 543 9 8 215 189
763 184 13 2 271 368
217 160 13 18 63 131
201 420 10 4 19 373
774 188 19 15 139 354
646 449 1 16 65 306
800 490 6 12 56 471
505 530 12 14 137 88
726 639 1 5 327 148
349 77 6 3 45 398
39 205 2 7 9 368
233 757 12 17 143 49
563 362 20 9 58 230
216 219 14 10 168 485
194 710 2 6 46 441
419 271 19 5 95 13
838 472 7 9 48 210
428 200 1 19 235 436
365 30 7 18 244 352
734 612 14 8 47 362
73 317 5 1 275 62
359 322 18 12 299 293
200 833 18 17 451 66
165 542 6 10 133 489
598 560 14 2 396 197
97 56 16 14 275 259
418 117 2 12 51 381
285 538 15 12 427 413
330 826 2 20 201 272
110 767 20 10 262 434
70 6 10 8 102 62
679 162 3 15 62 154
378 662 15 13 437 153
560 313 12 18 253 67
681 412 2 7 18 224
269 218 14 20 319 145
433 778 2 1 266 386
319 809 9 16 161 348
359 180 20 4 63 405
457 586 11 7 343 138
565 104 15 11 13 284
733 340 14 15 420 314
665 394 17 13 474 380
440 608 15 13 271 463
429 332 10 16 308 361
755 597 15 14 285 77
74 239 9 6 367 417
40 775 14 10 193 91
111 728 4 20 58 135
282 48 20 5 488 256
569 224 5 2 384 48
520 377 15 13 298 10
319 492 4 4 450 18
43 74 9 14 31 265
537 97 13 2 383 390
267 707 18 10 53 29
428 788 16 4 467 479
275 143 6 19 293 211
578 457 17 14 210 207
634 182 2 14 90 252
224 312 13 8 347 418
171 843 1 18 161 137
726 750 6 17 414 183
55 131 3 9 195 292
578 212 6 2 357 122
96 41 7 15 229 223
179 126 18 8 471 32
624 496 10 16 338 206
558 699 1 10 167 212
372 500 6 3 402 499
690 431 20 1 375 456
270 648 2 1 457 270
547 31 8 4 176 333
209 739 20 14 53 240
712 425 5 11 157 36
784 633 15 18 316 20
344 761 9 2 95 331
354 178 6 14 344 154
384 742 14 1 300 5
105 1 14 20 353 184
372 130 6 4 16 241
152 263 18 9 405 408
196 724 17 5 197 334
360 109 11 4 362 308
199 254 16 12 281 483
289 599 14 13 267 387
783 536 18 16 253 47
785 744 11 8 3 310
733 207 19 15 367 325
358 653 4 14 360 441
690 105 18 18 228 226
209 65 1 9 401 55
362 392 15 1 368 124
397 568 18 10 362 499
666 296 16 19 19 295
386 294 11 2 300 408
207 336 13 20 392 60
134 283 17 8 472 456
714 377 16 12 438 366
474 728 5 5 206 497
121 442 2 13 315 343
708 15 6 8 356 49
231 541 16 8 484 193
788 448 13 2 129 156
401 208 11 19 231 175
258 538 19 18 67 324
741 220 12 4 111 188
201 283 15 14 163 158
471 113 3 2 340 347
152 293 10 7 161 306
2 8 18 11 170 103
841 168 5 10 126 324
595 587 4 16 400 312
148 663 10 10 149 489
613 95 6 1 28 487
456 611 19 18 29 12
461 431 1 9 355 145
279 409 5 7 155 387
535 386 5 10 122 449
329 795 9 16 329 255
575 500 13 5 242 121
819 432 6 5 181 333
719 425 18 14 389 201
818 134 13 7 497 288
401 643 1 8 248 373
241 93 14 19 4 101
415 47 7 13 200 72
122 426 5 4 184 157
555 345 12 2 360 85
542 352 2 12 343 62
53 842 15 19 170 111
615 601 14 6 198 400
250 671 16 12 494 171
550 642 11 6 280 427
91 397 4 16 285 260
762 571 17 4 73 83
397 721 4 13 45 381
261 20 12 13 64 32
629 758 2 1 79 221
416 539 8 15 487 304
357 446 9 2 336 118
821 79 19 1 431 251
515 240 6 15 499 360
58 834 20 1 155 424
645 12 13 17 81 122
271 473 19 7 338 332
524 630 12 14 224 425
438 559 15 19 378 24
301 434 8 4 324 24
645 778 8 9 448 446
360 33 6 6 459 30
753 249 18 19 295 65
59 117 1 3 371 461
558 60 6 5 327 35
307 142 2 16 159 171
289 310 7 4 59 63
236 494 13 16 412 334
731 803 13 4 294 438
288 319 2 5 228 367
353 389 6 8 41 433
256 355 15 11 358 94
597 201 10 8 459 195
128 153 17 6 251 239
591 834 14 5 144 322
630 253 20 12 41 293
407 156 7 20 327 262
526 347 16 1 336 4
332 371 3 19 491 394
748 204 18 7 374 421
114 354 7 13 470 258
534 82 9 10 326 436
300 525 3 1 225 132
318 455 5 15 23 2
114 303 3 12 320 344
192 623 9 5 267 78
782 505 5 1 107 339
424 479 4 12 53 40
15 706 15 10 404 8
404 43 2 11 213 146
821 731 5 1 317 351
706 327 11 9 328 144
760 822 17 14 268 382
650 78 18 16 399 284
461 608 3 6 105 340
404 139 2 2 3 185
229 31 15 16 277 337
341 663 4 10 315 348
605 538 10 15 176 326
402 714 15 12 415 458
663 104 12 18 493 245
286 160 15 11 43 405
550 536 11 10 51 490
451 801 5 10 350 491
790 648 14 18 227 247
357 369 13 2 77 95
135 743 14 4 355 145
654 477 6 10 61 162
546 613 3 18 250 107
178 202 13 17 190 245
385 442 19 8 159 487
138 323 19 2 23 310
388 734 5 20 36 353
66 659 8 18 320 193
599 793 6 6 355 442
71 601 16 15 234 303
113 228 18 18 328 368
748 831 11 20 339 314
334 2 14 6 200 139
303 437 2 17 169 439
557 271 8 7 290 97
102 126 5 18 241 498
733 147 6 4 16 405
6 176 17 18 327 148
370 646 14 11 126 101
344 630 5 8 264 488
772 700 15 8 391 37
31 291 20 10 295 177
645 86 13 2 257 367
399 112 14 1 220 192
220 506 12 2 276 428
248 131 11 11 75 169
12 32 4 1 301 324
487 520 14 20 78 361
169 771 9 11 21 7
214 847 18 4 102 481
719 530 12 16 444 317
182 806 16 11 303 13
387 547 18 2 297 267
716 763 18 9 152 442
87 777 7 2 414 388
530 299 1 9 443 429
558 793 4 9 197 330
757 706 18 6 498 426
673 47 17 10 331 457
557 462 6 7 493 68
118 53 8 10 331 408
303 657 1 20 71 167
94 502 6 7 60 6
487 259 13 13 251 96
216 717 1 9 316 102
1 586 17 11 191 302
501 168 20 19 26 232
365 416 4 11 457 124
86 20 14 6 75 3
452 665 15 16 464 330
847 752 15 10 456 179
812 819 17 18 173 403
302 377 18 4 124 463
630 780 20 18 319 393
511 774 15 1 196 142
730 719 9 4 5 499
725 67 18 14 88 482
691 256 1 8 89 228
545 683 18 20 177 398
845 123 16 2 40 224
536 762 9 19 177 270
600 21 6 19 286 337
232 346 15 9 230 259
535 455 6 6 321 412
655 575 11 4 398 347
313 546 20 12 256 82
310 721 15 20 225 300
745 282 18 11 25 314
214 440 17 3 211 28
310 35 19 8 94 457
13 523 6 17 278 332
789 32 1 10 257 114
648 694 5 17 215 99
154 599 8 3 215 398
441 279 18 9 107 61
152 237 9 13 495 73
799 611 12 18 173 278
796 103 18 10 313 157
636 511 19 6 443 489
358 814 14 4 196 138
658 255 20 18 465 399
156 201 14 15 430 97
644 244 15 5 112 491
354 598 5 9 470 52
596 36 4 11 80 283
453 444 19 13 441 450
185 487 11 19 177 10
34 193 2 16 192 107
746 838 10 16 408 378
158 467 8 5 454 256
161 442 19 2 162 464
580 764 19 12 459 423
412 471 3 10 400 413
542 56 6 11 92 378
239 633 2 19 273 50
542 534 4 1 287 50
726 513 14 2 258 309
392 82 19 10 69 6
329 770 16 6 68 57
162 76 11 15 73 223
166 264 15 17 285 378
26 129 13 10 70 104
5 708 8 17 119 243
373 115 19 18 398 289
171 476 5 5 229 449
505 735 3 12 26 433
631 84 16 2 335 472
802 29 9 16 323 438
835 525 17 10 81 369
491 19 18 9 291 127
443 713 5 20 467 345
286 524 1 9 231 21
638 258 8 13 328 284
333 806 16 8 480 266
561 441 19 19 278 133
177 140 13 13 305 309
418 645 14 16 94 284
836 630 5 14 424 237
463 845 5 9 55 38
494 69 2 4 19 119
191 825 10 10 279 272
579 175 20 6 164 455
509 28 4 4 84 451
240 31 12 6 122 426
556 807 8 15 184 461
762 715 13 4 237 399
193 722 3 1 161 353
58 239 9 1 197 196
95 169 9 20 327 102
601 803 19 12 100 278
467 390 4 9 353 343
642 276 2 9 150 416
167 84 1 9 346 425
21 675 19 3 458 81
89 325 5 12 277 120
447 191 1 10 122 456
141 201 15 19 208 413
235 11 14 15 36 199
140 436 20 1 401 76
671 116 19 6 405 19
221 334 13 11 186 56
340 53 2 13 470 188
108 697 15 11 483 52
805 744 11 14 47 448
517 673 16 16 494 480
503 127 18 12 89 70
456 722 8 20 483 186
648 261 13 6 329 386
660 708 7 5 348 406
607 529 3 11 307 168
721 694 3 3 264 52
65 611 1 16 338 282
84 547 13 17 40 77
546 267 16 18 113 141
352 57 8 10 132 408
437 285 8 2 472 379
836 57 7 13 113 116
680 625 12 1 179 294
675 651 12 12 6 48
514 251 5 14 57 266
566 510 16 1 321 358
703 821 7 13 170 427
725 844 2 1 224 145
373 308 15 20 411 207
195 321 10 11 368 142
514 620 4 14 419 500
587 266 14 16 70 23
804 194 7 20 393 144
136 555 18 14 205 57
459 544 15 2 411 46
699 835 3 18 433 195
517 768 20 8 115 342
121 351 20 4 262 93
734 10 2 15 418 14
737 480 18 5 353 192
401 535 3 12 231 8
31 460 16 8 218 283
37 770 12 11 499 118
41 756 3 14 103 239
93 271 6 5 468 286
599 421 18 9 338 315
2 476 13 6 81 444
606 518 14 10 220 257
443 527 1 7 264 317
56 200 7 8 207 253
635 291 15 8 196 478
675 299 6 15 360 264
182 98 11 15 74 496
162 4 7 9 108 131
536 682 17 19 375 287
545 607 2 3 490 335
588 669 14 12 340 313
837 313 2 2 243 95
722 622 13 19 479 456
2 288 9 7 115 93
377 381 7 18 350 53
771 142 16 13 204 12
706 6 3 16 245 460
833 819 16 19 488 367
619 666 6 5 84 171
514 641 2 13 268 387
630 100 10 13 113 412
812 169 8 11 45 316
783 312 18 18 361 234
57 369 2 20 263 410
173 484 17 8 467 490
105 267 14 4 259 455
518 228 19 15 332 126
671 477 10 8 109 443
805 299 7 14 15 81
585 754 6 3 397 25
733 770 13 4 328 481
30 501 16 10 108 250
384 216 19 10 231 396
84 317 19 3 66 6
352 288 14 6 342 417
737 807 18 3 348 175
129 21 18 8 471 26
277 332 18 10 286 335
434 566 19 7 174 123
12 396 11 1 83 214
83 131 16 18 372 402
699 388 14 14 4 13
347 527 7 17 400 493
112 706 14 3 227 327
505 759 8 13 381 435
459 154 18 15 360 84
249 456 6 14 74 7
779 740 3 4 451 125
456 121 9 18 348 340
521 565 14 7 209 57
475 156 19 20 425 96
597 529 10 11 158 182
581 475 4 12 32 323
356 68 6 5 127 295
486 838 6 5 223 352
494 676 2 17 1 93
506 487 16 17 97 310
589 796 6 17 43 205
49 99 5 4 111 266
236 62 7 18 337 319
300 456 19 11 233 289
833 502 8 10 11 115
407 453 2 9 66 108
651 153 1 1 328 118
410 238 19 18 491 25
366 687 18 5 222 35
138 220 16 18 100 116
836 374 11 8 187 408
750 56 1 9 294 228
751 295 18 7 461 67
340 450 18 13 256 224
684 716 6 12 314 264
566 71 5 10 371 381
201 751 11 13 432 74
204 514 3 6 360 321
719 688 20 19 477 378
106 464 17 1 106 374
788 102 2 3 292 302
224 549 18 1 274 309
755 122 15 18 55 16
515 340 16 11 131 259
806 360 19 6 402 261
401 416 1 8 402 220
405 131 19 18 365 252
440 427 2 11 310 54
387 729 2 8 319 326
582 478 18 19 239 79
328 154 15 13 11 322
107 845 1 3 5 251
771 662 16 15 205 306
276 380 8 4 277 31
287 284 6 20 410 37
749 420 13 7 211 183
353 163 17 3 142 195
136 485 13 13 180 294
256 125 11 7 460 109
45 85 20 5 226 164
521 325 15 20 75 396
738 410 15 14 267 355
65 435 15 13 65 364
755 508 1 11 163 97
178 45 1 19 306 496
408 606 6 2 214 467
259 560 7 20 488 150
598 548 7 6 454 190
215 235 1 17 211 173
238 842 12 8 372 401
457 313 17 1 173 188
440 512 8 18 473 64
457 51 3 11 349 47
650 500 20 8 372 53
11 818 17 6 498 103
54 805 2 18 140 108
125 621 18 5 66 474
245 176 17 1 198 245
334 624 8 7 160 37
126 832 12 13 353 466
0 794 17 8 236 305
503 304 9 3 10 197
430 203 9 7 103 238
345 696 19 9 302 89
849 507 5 15 171 461
82 565 15 13 120 42
300 692 19 11 373 239
373 700 13 8 79 1
116 397 9 5 360 265
629 159 6 19 480 168
730 359 6 10 120 423
725 516 6 5 338 385
367 672 7 11 143 196
835 384 19 17 288 161
87 803 13 1 314 330
421 45 3 19 96 17
765 42 9 12 9 57
683 7 3 18 283 144
364 571 4 11 213 46
307 656 11 19 66 201
842 487 7 19 264 461
528 119 5 17 421 42
26 805 5 20 43 279
830 296 1 16 33 344
43 682 9 17 271 327
111 824 10 16 184 130
79 168 12 14 181 172
349 193 9 13 457 323
44 778 19 15 399 132
216 722 4 18 157 397
547 732 11 13 406 193
648 709 6 18 497 321
451 410 18 12 401 500
455 495 4 10 75 275
462 556 15 2 244 449
306 522 6 8 73 474
231 250 2 13 197 160
371 658 19 16 156 271
413 824 10 16 301 337
633 490 5 1 350 134
391 58 16 13 486 280
651 342 8 8 58 197
52 118 10 4 418 177
359 315 10 10 370 48
490 39 9 9 375 378
410 102 9 8 382 309
205 342 8 7 452 220
825 546 16 19 96 217
594 819 11 4 330 411
720 119 17 20 210 66
805 130 9 10 308 429
609 12 11 13 309 92
808 416 18 16 295 14
404 520 16 15 300 298
247 667 2 13 83 185
115 272 16 15 291 110
28 826 8 10 2 467
94 422 7 12 120 373
493 650 6 19 9 167
544 641 16 7 345 365
638 711 4 11 143 348
624 775 9 12 221 140
500 830 2 1 143 20
595 108 1 5 181 291
188 169 10 14 202 167
54 185 6 11 106 19
403 90 13 13 283 95
541 95 15 5 60 453
221 421 7 1 466 166
218 525 10 17 286 440
284 714 12 8 403 278
336 548 14 8 338 371
255 246 6 11 307 415
638 418 20 11 8 366
519 24 10 7 55 132
200 312 19 1 169 484
228 506 5 18 386 42
293 838 5 13 22 364
542 801 13 10 382 201
356 277 19 12 81 488
667 364 18 10 412 368
584 653 11 19 499 472
842 120 9 18 483 312
167 734 6 20 399 171
578 608 15 2 132 303
664 485 4 19 431 64
587 285 10 14 262 106
446 125 17 18 344 126
744 215 10 11 243 433
499 430 14 14 352 174
371 346 14 7 148 235
379 16 11 9 239 480
120 815 2 14 400 239
261 112 11 1 475 103
222 315 10 1 187 398
325 783 5 15 413 154
749 556 19 3 43 151
38 498 12 20 383 92
129 323 13 13 4 160
410 570 2 2 403 352
258 154 15 14 7 374
374 193 9 12 118 68
38 466 14 19 321 94
135 850 20 3 429 388
175 31 3 18 216 46
548 183 3 19 88 494
121 503 4 19 419 190
211 578 8 16 286 446
691 174 17 8 248 51
474 676 9 9 159 407
277 710 3 6 454 216
660 379 17 1 144 85
328 189 20 17 167 18
218 464 20 16 139 249
328 810 7 15 245 381
692 9 3 2 407 392
629 4 20 2 172 98
531 801 4 4 89 190
382 280 4 18 197 293
479 770 16 13 59 375
845 587 3 13 157 319
444 798 20 7 123 484
587 783 16 2 282 68
54 373 5 13 418 12
446 8 5 14 285 214
836 725 19 16 466 500
37 691 2 10 46 351
557 573 1 3 447 198
163 833 10 9 268 247
651 741 3 19 372 480
302 202 10 3 322 273
474 50 5 19 408 58
150 508 13 16 467 163
702 552 12 12 255 44
96 780 1 6 132 423
420 120 7 13 149 101
663 47 5 7 15 82
343 222 3 15 480 187
49 627 13 5 392 248
253 319 15 14 417 136
16 670 18 19 88 40
285 579 12 17 248 421
272 146 20 4 104 497
150 574 16 5 161 129
283 453 20 16 370 130
60 145 13 19 141 483
132 498 8 18 266 383
340 281 13 1 465 171
55 144 20 20 33 199
212 31 7 6 410 19
144 625 9 10 64 139
158 304 2 17 115 353
848 649 17 16 92 317
366 163 1 16 405 234
69 203 16 16 55 68
775 398 13 8 218 59
772 120 11 11 338 62
34 210 8 19 190 318
394 302 12 19 79 373
493 781 8 18 385 373
785 251 7 20 321 186
247 406 11 17 204 492
682 717 2 6 455 253
214 770 19 19 439 117
723 809 4 14 423 389
385 690 11 1 27 359
790 746 7 15 108 278
534 635 18 8 500 339
420 830 20 4 438 450
104 40 11 17 15 465
644 611 20 17 427 212
254 363 16 8 59 357
603 463 18 12 369 315
382 494 8 7 42 60
153 354 19 1 404 414
755 643 20 11 69 233
550 660 3 4 221 260
45 467 5 19 494 402
606 519 12 6 290 485
373 603 14 13 173 211
507 622 13 3 103 462
750 618 15 12 377 454
137 36 15 6 250 224
304 584 17 16 387 480
242 557 8 4 357 10
629 513 2 13 494 345
411 552 17 10 66 415
304 516 11 20 370 258
93 832 7 6 481 328
249 648 20 1 107 319
92 344 3 10 27 314
744 68 12 2 355 329
344 223 13 10 194 71
382 334 6 20 276 65
121 287 11 4 14 43
841 321 10 9 485 306
41 526 20 8 153 62
472 381 15 19 192 448
363 528 19 13 345 206
575 763 8 1 320 490
589 344 14 15 471 38
725 244 12 17 91 407
256 819 13 6 287 190
842 292 1 2 11 262
501 4 1 2 72 428
203 230 14 4 192 159
266 337 13 4 408 297
563 476 19 20 388 303
699 550 18 9 8 143
688 193 9 13 426 387
532 423 14 13 226 407
700 278 16 20 207 423
307 569 12 11 406 411
840 638 10 2 216 249
85 204 18 16 143 9
799 758 13 19 484 161
524 89 6 13 17 499
366 440 4 5 245 228
751 109 7 10 195 321
821 417 12 10 424 53
670 695 13 9 381 251
15 850 14 14 115 327
339 640 15 1 429 349
92 395 11 15 491 406
833 842 19 18 265 312
178 40 16 19 321 269
818 317 13 16 159 120
775 794 16 12 238 20
422 375 4 20 459 275
355 2 15 2 149 115
732 61 11 17 157 373
669 96 3 8 256 367
665 477 17 1 5 221
784 726 5 16 2 49
84 269 3 3 131 421
721 740 17 18 171 338
553 122 8 6 368 447
211 746 3 13 301 59
674 251 16 12 374 95
685 560 11 16 79 315
324 81 11 1 341 362
170 145 13 7 467 331
586 528 3 5 315 312
62 674 1 18 151 285
65 803 12 3 439 269
723 79 7 19 206 19
650 848 3 10 350 380
269 807 17 15 49 249
444 525 17 17 287 29
600 231 12 17 353 110
542 57 5 5 393 62
314 809 3 20 357 413
425 115 18 3 41 245
281 20 16 16 95 80
68 487 19 11 268 186
699 19 7 11 211 52
414 86 8 18 185 364
845 478 20 19 490 400
777 669 11 2 352 79
308 429 14 1 490 93
242 411 3 20 206 91
373 10 6 16 231 87
768 567 6 10 316 438
570 44 7 4 219 413
371 352 1 5 466 180
199 717 3 19 49 77
622 722 1 17 268 386
172 218 11 6 112 413
189 446 4 4 6 60
273 320 5 17 101 496
696 825 6 2 279 125
704 414 2 20 344 24
20 689 1 4 281 305
506 626 5 15 35 82
71 358 19 11 353 448
201 25 16 17 446 23
241 577 15 12 488 61
316 589 6 2 237 177
183 696 10 3 432 225
639 308 15 2 233 344
46 489 10 3 471 195
54 504 8 15 450 337
484 60 10 4 137 147
243 96 9 15 219 145
366 326 2 14 495 442
438 545 1 19 330 141
359 378 6 17 283 379
371 646 10 15 65 53
138 621 17 11 367 284
425 259 5 3 33 133
366 178 11 12 315 321
496 154 2 18 258 215
753 304 10 10 102 28
585 414 5 10 272 77
823 4 15 2 152 442
88 561 10 6 459 23
718 816 19 15 228 18
801 136 6 7 310 69
199 432 10 17 435 431
828 17 12 8 466 246
498 793 19 1 372 184
565 322 10 10 162 415
268 86 3 8 371 211
492 295 3 18 193 366
525 186 11 19 309 267
132 377 8 2 74 428
463 125 19 6 7 354
811 271 9 13 366 84
559 403 9 11 183 438
467 361 7 18 363 110
313 197 11 1 285 330
501 812 19 6 88 212
830 740 2 2 279 404
297 682 19 15 53 339
580 824 13 3 431 286
663 271 12 7 447 63
200 823 20 3 476 269
688 155 4 19 181 225
35 773 8 2 84 10
115 746 16 13 14 272
201 274 11 8 181 112
609 362 10 12 436 326
685 575 12 8 1 392
230 572 10 20 26 423
53 802 18 2 7 316
573 207 9 17 113 101
729 717 7 6 397 168
650 25 14 14 207 123
355 709 2 18 156 373
407 335 3 17 9 45
690 581 1 6 491 261
711 305 20 20 35 62
683 164 2 7 80 361
64 686 13 11 88 188
681 242 15 19 152 344
20 157 13 1 164 124
199 817 2 18 85 131
802 110 14 11 500 153
155 496 16 6 477 32
375 118 13 12 474 126
411 69 19 1 91 158
103 764 19 20 335 370
422 387 12 14 62 497
538 580 14 9 361 156
731 194 20 3 419 199
593 110 20 17 271 68
191 709 3 10 297 111
69 313 7 19 463 74
517 765 7 20 105 83
691 716 11 14 155 118
743 8 5 15 410 464
750 92 11 3 306 326
712 373 4 11 418 291
232 474 7 20 161 223
802 828 9 10 363 70
571 677 2 9 313 249
740 846 18 14 198 154
452 240 12 1 126 33
314 752 8 13 252 157
313 585 17 14 226 13
603 153 10 8 385 214
372 590 2 13 91 434
447 267 17 12 201 374
731 239 12 20 157 324
416 804 20 6 187 26
254 642 5 8 255 120
175 185 13 1 368 129
498 570 15 17 332 488
782 496 20 17 226 414
828 476 10 3 105 406
133 328 17 17 465 344
201 594 11 13 70 175
459 643 14 2 12 176
217 639 20 4 62 189
145 760 2 5 46 73
510 206 6 20 72 378
811 684 12 14 468 332
214 80 11 7 333 11
250 198 1 7 294 217
545 208 2 20 283 268
817 588 9 2 335 111
655 720 1 7 450 55
479 657 4 7 57 495
332 703 3 6 261 349
122 164 2 7 384 218
29 88 11 14 131 222
808 359 7 15 246 207
170 614 6 11 147 188
433 201 1 16 174 249
188 839 6 5 49 417
794 34 11 18 356 31
95 692 17 7 10 210
190 506 13 19 410 67
579 607 2 6 458 494
191 146 5 20 312 233
164 96 19 16 39 369
578 432 9 11 140 280
129 690 10 17 34 98
585 535 10 14 171 80
477 149 7 10 319 336
88 760 16 1 222 82
235 71 13 8 191 73
329 389 17 9 224 100
280 461 20 17 284 54
805 187 7 8 183 381
613 171 15 13 393 23
407 226 14 6 462 65
396 59 4 11 139 53
358 387 1 4 6 18
837 792 3 8 492 108
332 269 5 10 457 379
257 470 13 15 392 235
121 487 19 17 404 393
688 321 8 5 96 190
315 370 16 11 94 276
18 660 19 10 473 221
687 612 5 12 436 177
324 409 3 2 184 178
206 0 10 17 241 18
85 8 14 1 17 313
159 17 1 15 159 86
95 377 14 16 314 428
396 412 12 3 18 370
830 457 13 2 14 455
324 28 9 3 34 92
718 539 14 5 297 243
559 804 8 13 295 272
551 99 13 10 447 295
441 110 18 7 33 469
178 61 2 12 276 413
452 644 19 13 130 57
652 676 12 11 297 170
117 238 8 12 65 149
789 227 10 6 337 363
347 700 9 19 468 81
139 588 2 17 306 348
688 515 16 2 93 444
51 713 12 14 110 94
246 307 10 1 200 170
324 268 6 14 107 496
61 9 1 8 189 48
499 773 1 18 270 234
595 202 12 15 4 482
60 515 19 10 207 220
477 170 8 1 497 183
353 174 18 7 282 443
210 79 7 5 357 407
122 847 10 8 137 431
524 282 10 17 347 165
228 377 5 9 200 406
832 716 15 20 389 91
97 354 17 1 160 347
386 401 17 10 1 275
701 90 11 3 115 429
282 161 1 6 50 137
168 289 6 6 74 363
424 523 14 14 225 177
624 301 18 16 383 279
544 10 19 4 174 457
287 836 17 4 91 138
116 232 14 13 39 15
811 190 9 16 103 379
561 293 4 13 8 18
529 620 18 17 108 113
603 622 19 15 317 278
290 265 19 3 99 325
252 613 8 15 400 115
547 485 14 17 217 282
651 322 6 6 463 351
658 444 9 11 140 156
271 242 12 18 253 422
543 92 10 18 278 288
502 402 9 13 61 370
118 386 19 3 283 69
267 843 15 20 114 429
405 793 17 5 434 490
751 122 8 19 122 390
324 561 6 16 159 429
573 513 14 17 454 451
64 50 13 17 352 160
112 128 3 16 16 348
142 104 16 2 152 439
518 460 2 18 78 454
771 675 18 10 19 119
99 476 3 11 247 47
38 63 12 8 373 18
398 21 2 6 296 486
45 409 5 9 315 453
250 81 17 17 314 253
266 742 9 6 19 99
705 264 11 5 419 93
86 568 4 20 266 214
452 434 4 12 462 479
278 557 14 15 50 74
386 469 10 9 79 55
318 313 2 16 439 431
55 295 5 2 134 12
167 693 4 13 424 135
149 115 3 11 426 341
614 703 17 3 497 404
692 129 17 17 405 357
449 664 2 1 144 138
662 109 13 1 94 51
229 298 15 3 431 53
146 788 16 15 349 105
529 483 14 4 48 134
379 101 17 3 285 270
513 344 8 16 333 41
20 23 19 18 265 345
342 602 17 15 90 363
597 652 12 10 413 379
752 171 15 10 10 488
691 755 10 6 77 445
568 140 11 2 445 328
274 183 10 12 41 367
435 160 14 1 123 50
589 593 12 20 303 13
105 589 16 18 462 137
569 191 12 15 108 334
553 301 17 12 424 141
76 327 1 12 331 23
513 718 2 19 95 23
569 217 1 2 254 330
734 260 20 2 387 260
87 233 6 20 89 171
294 474 6 18 394 335
149 828 5 13 226 161
212 181 7 19 397 447
257 536 15 20 441 318
142 551 1 7 379 329
9 475 9 19 318 282
306 600 4 12 192 34
416 740 13 19 9 204
64 781 4 5 294 10
761 372 18 8 398 244
22 469 8 12 163 291
761 623 10 15 65 130
492 475 1 7 453 6
12 415 16 16 123 149
210 147 5 11 97 500
708 534 4 8 20 329
103 87 3 9 299 27
332 832 14 17 485 111
585 204 5 13 357 273
253 382 4 6 425 180
276 291 3 14 259 30
382 829 7 2 387 226
142 178 17 13 164 181
33 403 13 8 192 366
792 14 12 4 215 134
141 730 12 13 27 224
172 131 1 15 381 251
116 169 19 6 178 40
166 506 5 7 207 86
120 151 18 7 331 490
135 93 18 15 24 286
550 376 6 19 165 340
625 458 3 3 457 386
242 769 15 18 404 221
818 563 12 19 396 53
480 362 3 11 26 126
439 366 18 9 149 390
570 8 6 19 385 78
497 239 11 11 208 250
98 807 8 11 373 20
272 53 10 12 330 479
707 461 14 1 120 106
567 538 16 14 20 138
283 163 19 20 138 296
763 402 6 3 366 75
749 756 1 11 282 26
412 331 11 9 176 378
546 810 12 15 281 101
690 227 16 2 113 466
375 564 1 6 303 487
519 18 6 14 429 495
73 834 15 19 3 191
271 465 4 17 113 369
488 705 12 15 468 345
756 81 11 8 237 262
285 219 20 13 254 224
286 777 14 11 248 218
454 369 13 12 451 154
9 306 7 5 155 170
72 817 8 20 395 145
740 783 10 13 414 318
154 489 19 16 284 211
387 69 13 14 447 413
176 360 11 18 108 153
318 165 16 2 464 101
618 780 13 18 393 450
137 735 3 16 274 455
408 478 5 1 188 209
786 592 9 4 254 102
537 243 8 17 414 444
249 563 10 12 137 39
839 382 8 7 235 244
283 19 10 16 484 104
319 822 17 10 11 386
284 544 7 3 350 370
223 836 9 10 209 241
339 505 13 8 91 185
461 629 1 14 450 283
705 189 3 12 287 495
252 493 1 4 365 344
222 634 4 7 201 204
651 414 1 13 286 266
372 200 11 7 445 323
672 293 13 8 256 297
461 842 11 4 88 142
841 636 2 12 131 90
207 518 18 3 184 123
756 641 5 14 56 491
699 451 8 16 183 382
578 684 16 13 256 473
75 720 10 2 292 469
728 780 15 5 5 158
568 505 17 6 346 36
731 577 4 16 479 223
413 708 5 11 253 96
379 31 13 11 288 251
391 833 5 10 485 179
758 688 19 2 400 325
525 101 1 7 341 397
75 407 15 13 259 473
403 461 1 4 247 446
562 234 16 16 143 270
612 555 11 9 224 468
103 833 6 3 477 260
552 416 13 4 292 128
568 206 13 5 122 407
824 113 18 10 50 405
73 305 7 10 360 219
412 416 18 1 440 281
6 47 4 12 191 279
212 402 14 18 115 334
209 311 13 16 489 192
400 820 12 17 40 66
329 620 8 8 266 206
622 35 13 2 310 246
125 639 3 18 71 393
706 523 4 2 206 210
147 452 9 16 186 97
787 372 3 16 450 453
498 698 12 10 184 453
137 310 11 9 190 383
600 458 12 11 237 357
232 735 13 13 254 38
61 551 19 20 126 410
6 673 15 13 271 423
25 120 4 1 8 433
238 362 2 20 393 379
587 773 19 3 264 439
638 430 11 12 480 56
297 620 13 6 2 106
626 686 11 13 325 240
825 294 20 11 211 461
822 383 4 19 247 321
26 38 19 4 124 146
405 311 6 6 54 234
330 9 1 11 323 250
596 694 2 15 58 428
592 445 10 6 330 500
781 417 13 14 461 58
95 815 9 12 422 47
351 341 4 13 500 288
323 825 15 7 394 428
709 146 18 3 224 27
211 637 17 11 244 132
750 277 11 12 47 262
314 284 18 1 336 311
461 298 9 17 324 24
569 75 6 6 240 490
154 551 4 15 108 418
13 633 18 10 211 339
775 574 14 16 392 53
220 458 17 1 323 346
199 222 17 9 123 30
306 100 7 2 15 223
142 263 16 7 421 227
644 90 14 1 235 217
536 513 19 6 446 490
38 97 6 10 56 406
345 173 7 18 295 60
571 316 18 16 22 273
167 643 9 5 6 397
402 85 9 20 341 379
708 244 4 3 108 441
729 578 14 19 65 182
356 141 10 3 59 345
290 38 20 12 175 1
93 734 19 18 24 74
570 450 5 7 47 490
98 827 13 7 85 206
225 370 7 13 235 326
498 209 1 1 69 193
583 279 19 3 194 97
583 607 16 14 407 6
606 836 15 6 269 259
329 743 15 10 410 103
590 145 6 15 114 19
725 413 10 4 473 280
812 841 19 8 333 194
2 648 3 11 221 402
49 769 18 2 396 386
322 281 7 3 47 406
478 53 6 19 415 54
709 115 2 4 32 472
731 753 15 16 480 56
470 781 2 18 155 457
214 771 9 19 480 11
593 753 17 20 105 86
145 366 19 2 105 106
303 239 18 5 121 157
482 313 19 16 273 447
659 94 2 18 241 6
238 407 6 20 328 480
670 115 13 20 175 258
201 302 4 15 305 278
313 459 4 4 445 495
68 601 20 10 49 166
491 779 9 3 46 161
57 348 18 6 72 169
456 166 15 15 341 198
621 631 12 15 30 58
482 114 4 19 265 377
311 247 17 14 50 37
588 644 8 2 79 495
826 307 14 3 488 311
553 757 5 20 466 287
181 603 7 9 405 399
188 9 2 11 340 154
203 834 13 6 352 356
145 448 7 15 433 186
726 484 18 5 176 103
766 544 4 17 37 468
365 301 20 1 268 82
522 581 13 14 396 150
684 693 8 12 264 184
405 635 9 10 224 445
283 290 7 10 216 119
392 796 14 20 63 433
308 345 3 9 39 468
300 754 8 15 419 410
28 484 7 14 434 378
10 755 8 17 330 130
3 92 3 9 410 253
590 105 9 2 135 84
761 470 14 5 498 238
614 288 4 13 209 350
315 282 5 5 43 392
559 790 13 13 401 136
571 49 18 17 234 157
225 619 9 17 210 408
284 716 16 6 29 42
49 548 16 6 109 143
187 375 10 18 25 116
489 837 15 6 290 77
315 127 20 20 151 276
418 322 19 3 65 304
231 476 15 6 388 473
481 448 10 3 290 138
830 669 7 11 257 447
774 458 6 15 459 484
444 113 18 10 473 109
402 483 5 20 129 48
652 424 16 10 222 403
280 655 8 8 148 142
239 24 6 6 176 479
489 615 11 10 7 20
340 139 5 14 311 374
831 187 10 5 112 475
194 205 19 6 98 450
582 287 13 9 484 316
411 234 2 14 156 129
569 226 15 3 244 235
615 303 11 3 466 189
62 61 10 5 455 320
648 48 17 5 23 494
133 363 19 15 256 447
46 617 5 20 164 48
660 642 12 4 227 208
665 285 18 11 134 39
237 450 6 20 440 446
154 253 2 4 142 409
171 825 5 9 385 457
369 829 19 19 400 436
61 738 5 2 291 365
641 500 9 3 384 205
132 218 17 1 54 303
337 660 13 4 317 494
298 241 17 4 184 449
469 546 19 8 397 291
728 222 4 4 190 262
564 279 12 15 196 142
467 635 5 3 429 132
652 202 15 4 153 7
298 120 3 5 304 27
595 142 10 1 278 85
396 411 17 6 324 156
721 288 10 18 232 248
445 728 3 7 419 281
445 810 19 16 82 450
375 90 10 4 327 69
483 638 10 2 186 258
589 575 13 14 340 79
286 408 16 6 316 353
640 666 12 15 426 500
331 393 10 14 360 69
438 209 20 20 221 431
243 231 4 8 132 108
758 442 10 14 13 486
146 503 10 5 229 482
283 63 10 16 8 168
326 653 11 10 316 194
638 146 17 10 469 254
821 439 2 11 270 97
757 356 13 4 158 358
705 342 9 14 413 41
201 598 15 9 312 375
674 79 14 3 83 450
715 72 6 17 292 440
374 648 13 5 428 57
14 39 17 1 392 336
674 63 1 2 53 157
624 56 2 1 341 113
454 496 3 19 362 289
238 87 20 5 282 349
354 424 15 13 372 180
506 781 2 3 164 115
102 384 6 1 283 457
447 241 8 9 209 313
171 524 8 1 26 296
105 224 17 11 187 69
362 266 20 12 176 158
773 671 12 10 214 390
90 579 11 17 413 204
737 72 12 16 402 86
458 650 12 8 478 282
316 694 8 17 333 124
479 496 13 1 224 152
706 62 14 2 214 383
143 11 19 11 193 359
832 680 16 20 147 346
579 847 20 16 230 198
658 683 9 9 336 382
522 554 14 2 359 44
502 211 19 5 381 341
467 268 8 3 410 444
79 641 20 10 197 4
243 698 9 9 430 251
620 253 15 10 388 318
232 191 8 17 129 271
310 847 10 17 445 392
656 455 6 1 69 208
662 729 13 3 79 31
210 849 12 14 402 62
576 798 11 3 54 420
171 32 9 1 335 8
181 450 9 16 78 154
237 372 9 15 33 212
692 189 6 17 396 250
186 279 5 18 214 249
586 256 20 6 476 492
639 638 5 13 64 436
179 817 17 15 494 212
130 192 6 10 272 88
839 129 9 3 133 262
643 700 1 4 357 153
569 509 3 19 492 79
697 666 4 16 376 452
121 839 15 9 326 498
175 373 12 8 425 179
424 565 11 3 263 8
32 107 6 18 489 374
42 568 2 6 257 346
718 257 10 5 405 478
434 548 19 13 327 208
321 688 9 19 95 499
791 651 20 9 181 446
300 738 1 20 83 364
776 649 10 9 400 144
268 681 2 5 155 89
132 104 9 17 128 221
728 464 11 14 391 349
613 335 13 17 47 220
620 270 7 9 259 107
379 37 12 17 89 46
406 646 4 13 413 229
623 36 10 3 145 255
768 608 20 15 205 183
687 367 11 18 218 370
531 298 3 3 22 190
551 779 15 7 355 262
190 263 9 19 425 312
261 571 2 15 399 239
685 379 6 15 282 463
115 755 20 4 455 210
69 82 7 16 190 451
242 275 16 15 260 431
481 615 5 12 342 257
697 143 2 20 470 320
584 420 19 17 229 414
664 746 19 9 293 468
507 5 15 11 90 191
35 164 3 10 140 281
342 793 19 5 333 169
188 763 16 16 69 320
405 776 9 14 229 227
297 590 15 17 328 215
495 467 19 6 487 392
775 178 3 3 93 344
367 380 17 3 27 342
712 245 7 19 165 82
476 264 1 12 461 269
322 635 4 2 209 335
277 321 11 20 367 463
621 416 20 2 225 178
509 93 5 14 31 248
655 765 18 11 71 4
416 722 15 5 439 337
836 195 20 14 445 142
170 64 13 6 112 405
566 38 5 20 449 203
302 624 13 3 230 106
555 496 3 9 95 175
0 774 10 15 374 276
418 4 18 3 339 439
743 138 12 11 392 334
704 222 19 6 476 352
234 95 9 13 85 48
119 403 19 13 42 40
156 178 18 11 110 101
656 127 13 2 456 192
199 638 14 14 149 137
164 190 14 19 450 177
676 677 15 1 194 54
353 256 1 3 346 390
50 428 10 14 224 470
699 297 17 3 191 184
227 428 19 19 43 223
689 142 8 11 60 375
565 247 7 13 29 171
237 840 4 4 437 239
477 257 12 17 294 71
154 89 2 5 475 372
214 129 9 14 138 280
716 402 15 16 193 258
251 220 2 19 117 99
46 144 12 3 486 23
254 420 2 13 306 336
311 403 1 17 45 223
