8.0500
4.3216
7.7135
6.3837
7.1619
4.2682
4.2206
7.9598
1.1724
5.9411
7.5788
5.9679
3.1329
3.4789
5.9222
5.5708
1.1090
4.9244
2.0328
4.5606
5.7582
4.9371
5.0035
1.5759
2.9944
5.2045
6.9347
4.2061
4.4101
5.8067
5.9984
4.6781
5.9826
3.3494
4.0028
4.9624
7.4949
4.8606
3.8188
2.9736
6.6924
5.5642
3.6405
3.6708
5.1401
7.8587
3.9031
3.5339
3.8227
4.2868
0.6292
4.5647
6.6495
5.7356
1.9590
3.8667
4.8608
1.2280
4.3894
1.2700
4.8920
5.3771
0.6068
6.1565
2.4633
2.0571
5.7526
9.5640
6.9223
6.0267
4.1393
-0.0456
3.1237
3.4957
7.4619
6.7417
4.2092
3.8588
3.7332
2.1190
2.3117
3.6784
3.3137
3.5916
8.0236
5.5648
1.7637
4.8791
6.4445
5.0748
3.5137
2.8505
7.8565
3.5897
1.3396
6.8917
4.7228
4.2479
2.2553
2.3414
4.3568
2.2956
6.2726
5.5555
6.5676
8.0640
5.5517
7.5326
5.3227
2.4978
6.3164
8.3569
2.9660
1.9314
1.5051
2.0935
4.1612
2.5943
6.2564
5.2473
5.4085
4.0713
6.2551
6.8347
1.1999
6.2421
6.7521
5.5389
4.6173
2.9616
1.7752
5.7215
9.7649
5.4958
1.8834
5.6161
6.2733
8.2900
8.9249
2.4692
4.7527
6.7662
3.0191
3.6356
1.7927
4.8480
3.6195
6.2431
6.6175
6.3617
3.3068
5.9971
4.6007
5.5208
1.7109
7.8768
5.9327
6.0108
6.7323
6.4655
5.9644
4.1463
2.2237
4.7050
5.8551
1.9035
7.3879
6.4523
4.4305
3.4163
7.1419
4.0010
5.3930
6.6192
5.0701
7.7042
5.5632
8.1286
4.6707
7.1107
7.6421
5.0384
6.8823
4.0143
6.4817
5.0584
5.7693
7.5475
5.8091
3.9699
7.0344
5.2926
5.0496
4.1225
5.1859
6.5722
0.9850
2.4080
5.6863
6.6189
3.4936
7.6273
4.5980
7.1009
7.1376
2.3031
6.4070
8.1046
7.7835
6.7666
6.2961
4.3604
4.9046
9.9596
0.7687
5.3117
5.7769
4.8801
6.8340
5.6226
2.4327
7.3737
6.2217
1.3725
6.5042
4.7819
4.9775
8.0837
1.5445
5.6814
4.0555
4.2001
5.8188
7.4367
3.3718
5.1592
3.9374
6.1938
1.1857
9.0822
1.2882
5.0691
5.8676
6.4855
4.1789
5.3203
3.9879
2.7997
3.1420
7.2988
4.0824
4.0547
0.9710
1.2342
8.5071
5.7273
4.2286
6.0136
6.2471
4.8737
6.2504
5.7957
3.3705
0.8425
3.5140
4.9441
4.8722
5.4225
7.6296
2.6145
6.3365
0.3947
3.6389
4.1506
8.3909
2.5190
5.5052
4.3896
4.6508
3.6881
3.6957
7.5983
6.0632
2.8403
3.9908
3.1091
4.0546
6.8906
5.3737
1.6452
7.6726
3.7851
2.3890
5.7793
5.0090
3.5269
8.2037
6.3873
8.3862
6.5824
3.9270
2.8377
7.9518
6.5167
6.7934
6.9888
1.7968
1.8026
3.9840
7.6130
4.0658
2.7974
4.7156
7.3644
3.1986
3.7210
3.3923
2.5409
4.9501
4.6359
4.1737
7.8193
3.3127
3.1275
5.7568
6.1755
8.5708
8.2042
8.0039
7.8017
6.6559
3.2418
4.1795
7.4859
4.9966
7.3585
6.0810
2.9629
2.2825
6.8481
5.7300
4.5631
8.1149
6.0917
6.2225
6.5140
3.0344
6.9404
2.0454
5.9440
5.4814
2.1335
5.4422
6.6270
4.2140
3.1663
2.1013
4.2349
0.5664
6.3583
2.0748
4.7816
4.4348
6.0807
2.7081
2.1996
5.0005
7.9803
4.9996
6.4148
6.6806
8.3542
2.9794
3.6014
6.3245
5.7096
6.4911
5.3392
3.0126
6.5015
1.3062
6.4089
7.3824
3.8067
6.2679
3.1402
6.8153
10.2837
2.7794
7.0653
5.3013
2.9752
5.8934
7.3155
4.1425
2.1349
6.9751
6.6578
6.1079
2.9115
5.4446
6.3587
4.9908
3.5509
7.1268
6.6992
4.9432
3.6316
4.3152
5.1691
4.0910
1.6567
8.9988
7.5935
5.9322
3.3671
8.4294
4.2033
3.4561
2.7822
6.3933
6.6745
5.7442
6.4531
6.5601
6.0685
7.6288
3.5182
2.7450
4.7978
4.8631
8.9089
6.3415
5.1144
4.3742
6.1563
6.9245
6.4658
3.7984
8.4679
5.5337
4.6546
3.7191
3.7471
2.7599
4.9687
5.0100
7.4475
2.3958
5.0983
2.2253
7.1380
5.3778
3.9610
5.3624
7.1006
2.0600
7.4447
2.5553
3.2228
1.9768
3.0864
6.2594
8.3748
5.8988
2.9887
3.2291
1.5732
5.2068
1.4859
4.2175
6.1761
1.3393
3.7417
5.5995
4.7625
5.9177
8.4821
2.6793
6.3936
7.8995
3.5452
1.8174
2.2275
7.6472
4.7951
6.1339
4.7403
3.7952
3.7607
2.1903
7.0962
7.1700
5.6585
3.9709
8.6265
2.2776
7.8621
2.9588
3.8040
7.4469
3.0528
5.7123
2.2734
8.3520
3.6491
4.7675
7.7991
5.2946
2.6135
3.5698
5.6733
5.3601
5.7650
6.4251
3.3229
3.5710
4.8549
1.8227
6.5265
6.3263
7.3869
5.1255
3.6358
6.6620
7.1736
5.3528
6.2235
4.8700
2.0638
7.7484
1.5600
5.2916
4.0467
4.8633
1.8194
6.9720
6.3272
7.5220
4.8984
3.3568
8.3105
1.7000
3.3685
3.5914
7.7283
7.4011
4.5894
2.9785
8.0003
6.8476
6.0930
5.7390
2.9397
7.9545
2.9386
3.4294
5.7612
2.2065
8.0589
6.4473
2.7322
6.3923
5.0192
6.3727
7.3078
0.6342
6.5892
5.5070
7.5364
7.3983
2.2153
4.2826
7.4506
2.9343
7.5606
2.4164
1.6261
5.0165
8.1809
7.6507
7.5102
6.6962
5.2554
3.6450
5.0710
3.2374
2.9204
2.3048
5.8618
4.9479
3.6075
2.9337
4.4961
3.4169
6.2881
1.3053
3.3845
6.2387
2.9565
1.7746
5.1508
5.7653
1.7669
3.5285
3.2455
5.0189
6.5951
4.0268
7.8833
6.5538
4.6526
3.8885
7.8869
6.4665
3.9942
5.9022
4.3347
5.1266
2.6719
2.3273
2.6678
5.4427
5.2571
4.5262
5.2712
3.2776
3.7777
2.2595
3.6628
4.2171
6.2974
4.0672
3.6742
5.4559
8.4394
5.4162
1.9890
3.2437
6.8548
7.4267
6.4259
6.0748
2.9380
3.8510
8.3841
4.2451
4.3865
4.4743
4.0895
3.6197
2.0801
2.0859
5.6209
5.4667
4.4239
4.0324
2.7312
3.0155
5.1420
4.3510
4.4242
2.9719
3.7887
2.4029
3.4011
4.9168
3.4989
5.9861
1.8243
0.2304
4.4565
6.8545
3.0368
2.9371
1.9294
7.1868
7.4440
6.2253
6.6472
5.9266
7.4955
3.8395
3.7039
6.8795
1.6090
4.5604
5.8091
3.7785
8.0989
4.6885
7.8261
6.9337
3.5032
8.9954
7.3255
9.8317
6.5692
5.8434
6.6597
5.2394
5.9164
5.7226
6.9382
5.0577
7.6744
3.9553
4.0342
5.9824
2.0817
8.0938
7.1810
6.0116
6.7501
2.5276
7.2130
6.7138
5.2017
3.6934
4.9933
7.4003
4.8477
2.4392
5.8847
6.2879
6.4479
6.1817
4.3470
8.0481
5.4357
4.6971
5.6835
3.9701
6.6162
6.0416
3.1423
1.0511
0.8250
2.6566
7.1631
7.3414
2.9298
7.8119
3.5743
8.0108
5.0171
3.7241
2.8472
7.1171
3.6083
5.4184
5.9685
3.4086
3.8834
3.9049
7.2992
8.2802
0.6449
3.5529
1.9364
5.4487
8.5997
2.5742
5.9883
6.8265
-0.7091
8.5325
7.4215
7.2116
2.8076
2.4642
3.9208
8.2777
3.2865
4.6476
4.2091
2.5343
6.1220
1.6560
6.6774
2.6217
6.1820
6.5374
6.9731
3.0573
7.5570
3.7410
7.4849
4.6092
7.4098
6.6505
4.8724
6.2732
4.6667
5.5805
2.8161
5.1398
4.1579
7.3877
4.0545
6.9704
6.9082
4.0990
0.5512
5.5795
1.8198
1.5089
4.4141
6.5375
4.6351
7.3279
2.8576
4.4567
8.4001
3.6357
5.7672
3.4662
7.5296
4.8093
6.4067
2.9205
5.5169
0.7456
5.9657
0.7596
8.1051
8.5501
6.9081
2.9833
7.6393
5.1736
6.2707
6.6382
4.6599
3.7052
8.6936
4.7139
6.4264
7.6996
7.6896
4.2309
3.2159
3.5531
10.6089
3.7972
8.5402
1.2780
3.5503
7.0237
6.1128
4.4933
3.6931
3.9332
4.1363
3.4649
4.4622
7.0267
1.4597
3.6046
4.4315
0.9058
5.0638
7.1898
6.8665
5.0921
1.8103
7.6914
1.8654
7.6614
4.5865
5.7735
6.0924
6.3395
3.8552
7.1667
5.5710
5.2591
3.5698
5.5176
1.6951
2.3553
1.9360
4.1744
4.4281
6.7862
5.8596
4.1455
2.7782
3.5388
6.3559
5.2573
4.3491
6.8153
3.9844
6.3788
2.0800
4.4470
3.2789
3.6178
4.0428
9.7389
5.0771
2.2060
6.3549
2.3771
6.0675
6.8861
6.8185
6.4205
2.7641
8.2246
3.3614
7.1081
3.2908
5.3214
0.7390
5.1416
2.6784
6.1946
5.2310
8.0636
1.5399
4.3836
2.1785
3.4547
6.0814
3.4662
6.2036
4.8084
7.3621
5.9999
6.4273
3.0725
4.1072
7.4996
6.4240
1.6134
5.2187
8.6194
7.4666
5.7687
4.3130
5.1011
6.9004
3.5363
5.5062
6.9470
3.0377
6.5799
5.7677
3.5829
1.9488
4.1878
2.2939
2.8991
1.9589
6.2060
4.8985
3.1770
2.9865
7.1351
4.6864
6.3573
3.1797
6.4390
3.7006
4.0455
4.6701
2.9952
7.2220
8.5976
8.7521
4.5792
4.8258
5.9248
0.4171
7.1558
8.8418
6.6343
2.0253
2.5887
8.2071
6.1573
3.3267
7.7670
3.2612
6.8562
3.1364
2.4163
3.0659
4.7848
7.7214
2.8922
6.0088
2.5627
6.6725
7.6123
3.5563
5.4136
2.8293
