0.8103
-0.1115
-0.2586
-0.3773
0.6882
0.5575
-0.9443
-1.6377
-0.9548
-1.3002
0.3928
1.8225
1.0034
1.3761
-0.7013
0.616
0.7066
1.6879
0.5933
-0.2638
0.986
-0.6922
1.8673
0.2144
0.3722
0.1285
-0.1578
-0.1358
-0.0159
-0.6825
0.0572
0.4895
1.3139
-0.3781
0.5615
-1.0355
0.401
-0.0629
-0.6432
-0.5578
-0.2536
0.9786
1.0026
1.728
0.9538
1.2836
-0.3443
0.7277
0.1655
1.1897
-0.0305
0.5882
-0.1125
1.3079
0.2789
-1.8364
-1.8781
-0.5828
-1.9892
2.2439
-0.3289
-0.4123
0.9968
-0.3205
-0.6447
0.5395
0.865
0.407
0.7565
1.1308
-0.1317
0.9441
-1.7373
-0.9479
-0.3999
1.1076
-0.9625
-0.4916
-0.2698
0.2673
1.1627
-0.1043
-0.2684
-0.5263
-1.7644
1.176
0.7447
0.4767
0.3168
-0.7078
-0.7289
-1.4465
-2.7321
-0.5496
0.4332
0.4666
1.0964
-0.4573
0.2142
-0.2401
-0.1743
0.4923
0.7027
-1.1945
-1.1523
0.9274
-0.106
-0.0829
-0.2662
0.0502
0.7669
-0.5063
0.8923
0.8191
-0.9539
-0.0973
0.0538
1.1014
-0.4008
0.9877
-0.1085
-0.6966
-0.2614
-0.3069
1.6664
-0.5032
0.2066
-0.2856
-0.4896
-0.5478
0.7029
0.4987
-0.7006
0.3072
0.2271
-0.504
-0.1306
0.3233
0.5393
0.1749
-0.6735
-0.2678
0.1766
1.3724
-0.012
0.1749
-1.0332
-0.0215
2.1689
-1.3443
-0.2547
-0.1935
-0.0527
-0.5222
-0.6671
-0.4367
-0.1378
-0.083
-1.4095
-1.6083
1.2344
-0.1212
-0.2349
0.8973
-0.0387
0.3539
-0.0097
0.0407
0.4902
1.3517
-0.4609
-1.3658
1.0589
0.6021
-0.8898
-0.2501
-1.074
1.0618
-0.8904
-0.0423
-0.2327
-0.6664
1.2973
-1.114
0.8231
-0.5421
-1.1791
0.1997
-0.3654
-0.2466
0.7251
-0.5273
0.4071
-0.2685
-1.3687
1.7561
2.3833
0.057
2.113
0.1919
-0.8897
-0.5565
-0.1681
-0.0788
0.4856
1.7622
0.7337
1.3765
-1.9364
0.2165
-0.547
-0.6313
2.2921
0.8792
-0.9421
0.8952
0.9487
0.9558
0.2536
-0.1774
0.341
1.3303
-0.7213
0.5511
-0.3377
-1.5401
-0.1364
-0.2061
0.6462
1.6396
-1.0029
0.7534
-0.3926
0.9782
-0.8215
1.5916
-0.2414
-0.4077
-3.063
0.0627
-2.2446
-0.8475
-0.2312
-1.178
-0.6219
-0.0414
1.2353
0.9206
0.83
-0.1219
0.1944
0.8254
0.0863
0.2231
-0.4909
1.0685
0.6372
-0.3445
-0.2079
-2.1078
-1.5728
-0.6297
0.775
0.6712
0.631
1.058
0.5401
-0.7668
-0.188
-1.1378
-0.5436
-1.1843
0.9347
-0.7805
-1.5465
0.225
0.8853
1.5854
1.2051
0.6398
-0.1275
-0.4257
-1.0845
-0.7327
-1.5267
-0.2191
0.6947
0.3546
-0.7102
-0.3084
0.3127
2.0492
-0.9686
-3.0674
1.2936
1.393
0.0096
-0.0816
-0.9673
0.2091
-1.0486
-1.0846
1.4391
0.2106
0.498
-0.3095
-0.5363
0.0964
-0.1951
0.954
-1.035
0.4349
-0.0187
-1.0209
1.1538
0.0042
-2.2364
-0.4446
-1.6232
2.3455
-0.5032
-2.6093
0.5392
-0.6877
-0.0418
0.4514
0.8349
0.6685
-1.019
-0.6921
-0.628
-0.902
0.5496
1.2055
-1.126
0.261
-1.3697
-0.3992
-0.652
0.6296
-0.5697
0.712
0.0736
-0.9684
0.6356
0.4354
0.6806
-0.5251
1.9428
-1.1385
-0.7028
-0.9628
2.0316
-0.771
-0.7378
1.1909
-0.8859
-0.3738
-0.8951
1.0076
-1.0824
-0.2348
0.5344
-0.589
-0.5772
-0.5558
0.085
1.6542
0.2294
0.4599
-0.2802
-1.2368
0.0758
-0.5846
0.5542
1.8705
0.5791
0.3079
0.9062
-1.1569
0.6438
-0.2918
-1.0704
0.6934
-0.3917
-0.4922
-0.0696
0.1687
-0.5229
0.8404
1.9851
0.3015
-0.1923
-0.2362
-1.0953
1.128
0.6624
0.1174
1.4692
0.5969
2.0326
-1.4517
-0.6837
0.5101
-1.71
-2.2127
1.8759
-0.238
-0.6176
1.007
-0.8225
-0.296
2.3779
-0.5453
1.3476
0.6894
0.9296
1.9257
0.1354
-1.7503
-0.5034
1.0992
0.7072
-0.0258
-2.8845
-1.352
-1.3257
-0.4006
-0.0502
-0.9537
-0.1817
0.7792
-0.8101
0.7717
0.102
0.5478
0.5307
2.1297
0.3472
0.4564
0.0124
-1.1514
-3.2872
-0.718
1.527
-0.2176
-0.4497
-1.629
2.2986
0.0446
-0.8155
-0.3495
0.487
0.3619
-1.0999
0.6069
-1.0139
-1.1876
0.9473
0.5158
0.3856
-1.342
0.0146
0.5888
1.0072
-0.6888
-1.2241
-1.0701
-0.3887
-1.3338
-1.1091
0.0152
-0.7142
1.1061
-0.6786
0.1278
0.6204
-0.3176
-0.5275
-0.5488
-1.1557
-0.6106
-1.0245
0.4903
-0.3507
0.9517
-0.4499
0.0972
0.3552
-0.5475
1.8304
-0.8875
0.0772
0.2215
0.4017
0.8406
-1.301
0.8939
1.0827
0.3976
1.0902
-0.6127
1.4592
-0.8423
-0.0641
-1.2404
0.8412
2.0405
0.433
0.538
0.5991
0.5957
-0.0393
0.0563
1.8052
-1.128
-0.8385
0.4286
-0.2129
-0.2667
0.3654
0.1843
0.732
-0.534
-0.5991
0.5492
-0.2712
-1.2906
-0.8759
-1.6719
-0.6532
0.2353
-1.8366
0.5185
-0.141
1.1848
-0.1354
-1.142
1.1655
1.364
-0.9284
0.2369
0.3348
0.3547
0.0552
0.5124
0.7301
-0.7254
-1.7094
0.3255
-0.3363
-0.2288
1.1448
0.5235
-1.0777
-1.2453
1.1807
-0.1405
-1.8072
-0.752
1.9468
0.0807
-0.8317
-0.3279
1.1803
1.0062
-0.3847
-0.3474
0.9793
0.622
-0.6571
0.4554
1.5988
-0.4589
-0.9149
-1.6428
0.1324
-0.2034
0.0925
1.2482
1.2973
0.0585
-1.929
-0.1246
1.242
-0.5215
-0.2373
0.4221
-2.1521
-0.2002
-0.242
-0.468
-0.6664
0.5567
-0.4637
-1.2319
0.8539
-0.7121
1.1929
0.0028
-0.1146
-0.0349
0.5542
-0.2838
0.5305
1.0313
0.24
-0.8496
-1.5136
1.493
1.5672
1.9086
-0.1747
-1.6064
-0.3977
0.8531
2.3519
-1.4588
0.7259
0.7915
-0.1655
1.4863
0.1848
0.8182
0.8712
-0.0863
-1.1106
-0.4907
-0.9408
0.3116
0.1029
-0.48
-0.8592
-0.0997
-1.0831
1.0614
-0.1916
0.1919
-0.1197
0.4885
-1.364
-1.2497
-0.3447
-1.5032
0.3467
-0.1194
0.4851
1.4499
-0.9955
-1.0417
-0.5968
-1.3965
-0.585
1.296
1.6748
-0.4298
-2.2263
0.4495
-0.0909
0.1061
-1.2154
-0.7746
0.4235
0.6896
-0.9681
0.7706
1.1707
1.5078
-0.5833
-2.0354
-1.5691
-1.0503
-0.602
0.1767
-0.457
0.1236
0.3964
-1.0259
-1.9986
-1.5217
0.1615
0.2799
0.532
0.3035
0.0607
-0.8398
-0.0118
1.0562
0.0686
-0.528
-0.2356
-0.2506
-2.6625
-0.2842
0.3276
0.2725
0.4736
-0.558
-0.0206
1.7127
-0.2564
-0.0044
-0.7067
-1.107
-1.4872
-0.1612
0.2951
0.4468
0.611
-0.9505
0.459
-0.3389
-0.3645
-1.3024
1.5988
-0.7955
-0.3522
0.4795
-0.4977
-2.288
0.5434
-0.8654
0.3946
1.4845
0.0226
-0.0974
0.1562
-1.3613
0.3866
-1.3329
-1.1624
0.4702
1.5821
-0.4247
-0.7898
-0.1802
0.366
-0.496
1.3844
-0.1095
-1.119
0.7835
-0.1702
1.1027
0.0151
3.1493
-0.8309
0.5875
0.2039
0.1569
-1.0524
0.336
0.2767
2.0982
1.4189
0.1688
0.2903
-0.4677
0.5192
1.6141
0.3848
0.6472
1.2124
0.4263
0.9158
-1.3907
1.9414
-0.7213
1.4757
0.0907
-0.7706
1.2347
-0.1195
-1.4092
0.03
0.9957
0.3366
0.5649
-2.6222
0.4458
0.887
-0.3738
-1.0319
1.1943
-1.6556
0.6074
0.8383
-1.0407
1.094
1.7708
-1.9869
-0.493
-0.9044
-0.1964
-0.6371
-1.2588
-0.0516
-0.2356
2.403
-0.0454
0.4277
-0.8263
-0.3419
0.579
1.143
0.3677
-0.2754
-1.7129
-0.8615
-0.5995
-1.5323
-1.0597
-0.05
-1.55
-0.6188
0.1135
-0.3097
-1.6474
-0.169
0.8749
-2.1686
-0.4336
0.1866
-0.1066
-0.4008
0.767
-2.043
-0.1468
-0.1197
1.2026
-1.7593
-2.1048
-0.6237
1.8623
0.403
0.8156
-1.1668
-1.7606
-0.3112
1.4265
-0.5979
-0.5872
-1.6481
2.4239
0.2069
0.4871
0.1983
-0.324
0.4414
-0.0407
0.1562
-0.651
1.307
-0.129
1.3931
0.1726
1.4589
0.114
-0.021
0.9612
1.0037
0.0694
0.6117
1.2794
-0.0477
0.2431
0.0726
-0.2648
-0.4163
0.5376
-0.1453
-1.2608
0.4804
0.7679
0.1758
-0.9587
0.5231
-0.6668
0.6526
0.239
-1.1185
-0.5394
0.7781
-0.4152
-1.4473
-1.5189
-1.3672
0.1627
-0.2579
0.1825
-1.6495
0.0404
-1.503
-0.9281
0.262
0.791
-0.4012
-1.8983
-1.4709
-0.1543
-0.6475
0.1531
-1.1827
0.8167
-1.8488
0.2269
0.8393
-0.49
0.0687
-1.132
-0.7223
0.0325
-0.9195
2.0828
1.8734
1.1269
0.1858
0.5473
-0.9395
-0.1868
-1.219
1.3044
-0.0107
-0.2948
0.6867
-1.0163
-1.8726
-0.9707
-1.7075
-1.57
0.8625
0.8458
-0.2776
1.3601
1.5797
0.3042
-0.0631
-0.0333
-0.8219
-0.928
1.3864
-1.5365
-0.6717
0.5678
1.2061
-1.2097
-0.5813
-1.0494
0.5272
-0.2433
-0.0255
-2.6889
0.8503
0.5049
-0.8387
-1.1956
-0.782
-0.0793
-0.6337
-0.0283
-0.8819
1.4282
0.4861
-0.4717
1.3439
0.0318
0.5667
0.7243
-1.5084
-0.063
0.5295
0.0731
0.617
2.2106
-0.5719
0.3061
0.1744
-2.1995
-1.2542
-0.9508
0.9267
0.2859
0.0045
1.9323
-0.3354
1.2612
0.5286
0.8851
1.3547
0.4504
-0.907
-0.1205
-0.1135
2.7363
1.3715
-0.79
0.2154
0.2955
0.1859
1.3824
0.9338
0.1242
0.4005
1.3335
1.0098
1.438
-0.4282
0.0992
1.8852
-0.0374
-0.7597
1.7843
0.3733
-1.3685
-1.0014
1.8756
2.0243
1.9897
-0.9305
0.2779
0.7779
0.3947
-0.3921
0.0943
-1.4568
-0.3463
-1.0428
-0.2066
0.4672
0.6857
0.5508
-0.2765
-1.6832
-0.2833
0.7743
1.3086
0.3803
0.9611
-0.2614
0.0509
-1.0665
-1.2332
-0.9342
0.9895
0.7752
-1.1052
0.3582
-1.3603
-0.8111
-0.0843
0.6001
-0.7564
0.2119
-1.0982
-1.0832
0.8404
1.0237
0.346
0.5372
-1.3414
0.3548
1.959
1.0835
-1.1598
0.4682
-1.1054
1.2816
1.1739
-0.1477
1.298
0.1347
-1.5687
-0.9588
1.9653
-1.4217
0.9634
0.881
-0.5211
1.7935
0.7664
1.3459
-0.7469
-0.2083
0.6922
0.7914
-0.1481
0.4998
-0.8414
0.9078
-0.2331
0.9007
1.7962
-0.9542
0.0454
0.4345
2.1797
0.4957
-0.8032
0.5676
1.0009
2.6152
0.6659
0.6938
-0.7706
-0.7251
0.1017
-0.4483
-1.1291
-1.1839
-0.2111
-0.3305
0.885
1.5485
0.0739
-0.1591
-0.8094
0.049
1.8427
1.2263
-0.505
0.2978
-0.4591
-1.1835
-0.1485
-0.0313
0.0582
0.8862
-0.54
0.5669
0.4999
-0.4795
1.5538
-0.9303
0.1553
1.326
-1.202
0.2157
2.3628
-0.7649
0.9966
1.9215
0.0544
-0.0456
-0.46
-0.4899
0.4624
-0.134
0.9416
1.5865
-0.0379
-0.5461
1.7614
0.7384
-0.0585
0.1317
-2.1727
0.5865
-1.9622
1.0146
-0.8623
0.3803
-1.9402
0.0302
-0.7542
0.8687
1.0758
-0.9587
0.5751
-0.4434
-1.6765
1.2985
2.7347
0.7858
2.8155
0.2126
1.7257
1.1538
1.7871
0.124
-0.1631
0.177
0.8576
1.1973
-0.3302
1.5983
-1.2428
0.007
-1.2892
-0.498
-0.2343
-0.7518
0.8275
-0.1815
1.5623
0.6441
0.2511
0.8996
-0.2004
-0.9534
-0.2434
0.3393
0.1993
0.1932
0.9313
1.6099
0.0169
0.4317
0.5325
-0.6904
-0.939
0.1817
-1.0396
-0.8828
0.688
-0.3801
-0.6835
-0.9284
0.096
-0.8442
-0.8862
-0.4745
1.0416
1.2639
-0.4007
-0.8749
0.0251
-0.6735
-0.0158
1.8912
-0.1691
-0.3811
0.7433
-0.5479
-0.6195
-0.3694
1.0861
0.0566
-0.7501
-1.5135
0.5052
1.671
-0.1079
-0.5898
0.1964
-1.4122
0.7344
1.1513
-1.4925
0.1877
-0.2246
0.1729
-1.1037
-0.4675
1.2084
0.0185
0.7843
2.1224
-0.5336
1.3805
0.3816
0.2715
0.4381
0.9912
0.471
2.1807
-0.3615
-1.0647
0.4218
-0.8091
-0.3821
1.2529
-0.8337
-0.4105
0.3913
-0.6034
1.0488
-0.7729
0.0347
0.7073
0.9559
1.1441
0.7705
-0.5132
0.8559
0.7679
1.3178
0.1842
0.9031
-0.0986
2.214
0.0862
0.1396
-2.4535
1.6437
-0.4344
-1.048
-0.9791
-0.4976
0.0034
-1.2471
0.4805
-0.089
-1.2832
0.4267
0.8185
1.5256
0.1686
-0.1317
0.4107
-0.0296
0.0989
-1.1116
1.8968
-1.9715
-0.553
-1.0394
1.1979
0.7523
0.9339
-1.8272
0.4201
1.1471
-0.152
0.2076
-0.3195
0.6126
0.8134
-0.4759
1.2519
-0.5826
0.2683
0.7202
0.1897
0.6626
1.0553
0.6196
0.0041
-0.5492
-0.0362
-0.3366
-1.7214
-0.4888
-1.937
-1.157
0.2584
0.3567
-1.1345
0.6183
-0.0856
0.8151
0.0327
-0.3923
0.7714
0.1479
-0.8811
0.0164
-0.0171
-0.0028
-0.5662
1.4589
0.3328
-0.3933
0.6332
0.6191
1.294
-0.8806
1.9495
1.1547
-0.2419
0.1513
-1.9884
1.7966
0.6425
1.5829
0.349
2.2702
-0.7709
0.4163
0.6829
-0.6438
-1.2336
1.7167
0.5161
0.8166
0.1535
0.8247
-0.9177
-1.0104
1.2434
0.296
-1.4208
0.9412
-1.2956
2.5471
1.8263
0.2614
0.6111
-1.5482
0.68
-0.3667
1.7556
1.0601
-0.8958
-0.2991
-0.7711
0.4734
-0.1364
1.5294
0.3016
0.0138
-0.5946
-1.07
-0.4249
-0.033
-1.1704
0.1443
0.66
-0.5352
1.2153
0.4848
0.361
-0.8767
0.3793
-0.1468
-0.2499
2.569
-1.9799
-0.111
1.7831
0.2462
0.5751
1.5299
-0.7064
0.5084
0.9592
-1.6006
-0.0377
-0.6158
0.0065
0.681
-0.5661
1.5343
0.1295
0.8547
-2.2964
-1.2283
-0.6494
-0.9095
-0.9674
0.8088
0.7281
2.186
-0.6434
0.6418
-0.4694
0.8127
0.6185
0.3196
1.7773
0.2916
-0.7437
-0.6657
-0.1624
-0.1665
-0.2246
0.6107
1.9341
0.1767
-0.7315
-0.2438
-1.6864
1.47
0.5316
1.0299
0.2387
-0.7788
-0.6986
-0.1856
0.0785
1.1689
1.1366
0.1502
0.9021
0.3945
-0.6408
-0.0105
0.0405
0.4881
1.0019
-0.011
-1.8361
-0.5383
0.3676
-0.7012
-0.1871
-1.3094
-0.5808
0.5314
0.0117
0.1258
-0.0877
-0.0119
-0.7385
-0.6294
-1.3241
-0.0896
-0.7253
-1.4172
1.3867
-0.3956
0.1538
0.7283
-0.6131
-0.6367
0.5331
0.7366
0.9719
0.0422
-0.4195
-0.0946
1.6236
-1.4642
-1.5266
1.0084
0.172
-0.5589
1.8559
-1.8085
0.4732
0.838
-2.3057
0.0189
-0.7083
1.3179
0.2894
-0.4836
-1.746
0.115
-1.4631
-0.129
-0.6678
0.7257
0.0747
1.7543
-0.4881
-0.3582
-1.9612
1.0913
0.2937
1.8134
-1.4058
0.4455
-0.6244
0.4862
-0.4294
-0.0202
-0.6996
-0.0591
0.3648
-1.3138
0.4857
0.2695
-0.1147
0.9227
1.5044
0.7493
1.8109
-2.1952
0.2873
-0.5985
-1.7915
0.2619
-1.2849
-0.185
-1.1644
-1.2801
-0.6819
-0.6095
0.6205
1.1822
-0.6618
1.6311
-0.7903
-1.3891
-0.2939
-0.9978
0.4005
-1.3162
-2.5447
0.3156
0.5153
-1.4053
-0.7932
0.8041
0.1658
-1.7328
0.3444
0.2062
-0.8929
-0.0295
1.9455
0.8934
0.6837
1.8049
-0.303
-0.4145
0.4223
0.2333
-0.004
-1.2635
0.06
0.4829
-1.3404
-1.1864
1.2294
2.3994
0.1392
-0.0239
0.041
-1.4586
0.3716
1.5704
0.0247
1.0535
-0.1286
0.0275
-0.1932
-1.3474
0.6965
1.0298
-0.6992
0.715
0.0444
-0.5392
0.972
0.4648
-0.8122
-0.2025
-0.661
0.8797
1.4801
0.2376
-1.0688
0.3126
0.1368
2.3079
-1.1277
1.3055
-1.1033
0.4779
-0.0344
-0.4196
-0.1662
-0.8659
1.017
0.6946
0.2191
0.7425
1.9726
-0.8102
-0.2431
2.0651
0.8083
-0.0952
0.079
1.2764
0.0656
-0.796
0.1906
-0.1503
1.0618
1.0707
-0.0752
-1.2963
-0.4889
0.5897
1.6031
-1.3141
-0.1866
0.34
-0.4492
1.6952
0.4634
1.8101
1.8219
1.7658
1.3297
-0.8105
1.142
0.2387
1.0435
-0.3905
-0.0824
0.2609
-0.843
-0.9044
0.8979
0.0283
0.1242
-0.0092
0.4505
0.6597
0.2396
-0.5624
1.5418
-1.7697
0.8932
-0.1268
-0.7198
0.3516
0.36
-0.3399
0.7687
0.8197
-0.36
0.5692
-0.4096
-1.4561
0.9266
-0.6033
-1.908
0.241
-2.5154
-1.0265
-0.9659
-1.9249
0.1464
-0.5052
-1.0545
0.6737
-0.8338
-1.2429
0.6306
1.4211
0.2168
1.3737
-0.2492
-1.0187
0.3999
1.4643
0.5263
0.4273
-0.2572
-1.8646
-0.8222
-0.9774
1.5385
-1.87
1.1862
-0.3091
-0.471
1.4008
0.115
0.1065
-0.1853
-0.9448
2.0963
0.7144
-1.3292
-1.1691
-0.5547
-0.1351
-0.0566
0.5615
-0.6073
0.7308
0.9213
0.2965
0.1964
-0.3076
0.3889
0.0775
-0.7108
-1.3005
-0.1987
0.3949
-2.6482
-1.368
-1.3937
0.6922
0.1903
-0.3907
0.7616
-1.4192
-1.2181
0.691
0.9002
0.4284
1.1537
-1.0074
0.6804
-0.4222
0.3016
-0.5387
0.5133
0.7132
0.2666
0.5545
0.7521
-0.0362
0.3747
-0.304
0.6638
0.1556
3.3929
0.0364
-0.907
-0.6812
-0.4213
0.3131
-0.155
-1.5928
-0.0898
1.4354
0.3832
1.3887
-0.5247
1.3694
-0.5567
0.1661
-0.3951
-0.1036
0.0865
-0.9405
-0.5045
-0.6638
0.3534
1.5361
0.558
-1.3475
-0.0807
-0.6767
1.1885
-1.8592
0.8062
-0.2055
-1.1952
0.6051
-2.061
0.6511
-0.7545
-0.6358
-2.0839
-0.3755
1.1071
0.2082
-0.9832
-1.0054
-0.0688
-1.5455
-0.2763
-0.071
-0.5149
-1.583
1.2197
1.5803
-1.2297
-0.2534
0.3987
0.3207
-0.6941
-0.1684
0.0216
-0.3088
0.4562
-0.8717
1.0926
-0.145
0.253
-0.1381
-0.1572
-1.2845
-0.7332
0.9806
-0.1892
-1.3045
0.8746
-1.1256
-0.993
0.9193
-1.1425
1.4806
-0.4451
0.9297
0.9005
0.555
-0.3217
0.8344
0.4845
-0.7517
-1.4578
0.5638
0.6711
-0.2231
-0.0105
0.2638
0.7711
-0.199
1.2422
2.1502
-0.894
0.2223
-0.2208
0.0623
-0.5501
0.2015
-0.5365
-0.7446
-0.3679
-0.8924
-0.8099
-1.8554
0.1118
-0.176
-0.3983
0.2883
0.7729
1.7038
-2.0118
1.8035
-0.6201
0.9462
-1.3015
0.0428
0.491
-1.0191
2.1179
-0.7303
0.3858
0.8516
1.899
-0.3726
-0.603
-0.0618
-1.1308
0.0235
1.4635
-0.626
-1.0456
1.3844
1.2373
0.8297
-0.8125
2.8994
-0.4714
-2.0989
-1.137
-0.7003
-0.1011
-1.556
-0.1037
0.0282
-2.7213
0.472
1.2233
-0.372
-1.4726
1.5734
-1.1414
1.7344
0.8268
0.0982
-0.4342
-1.0262
1.411
0.1759
2.0028
0.9384
-0.2468
1.1591
-0.9764
1.0577
-0.2264
-1.0734
1.9285
-3.1165
0.2097
-1.699
0.705
-0.634
1.9902
-0.3103
-0.8024
-0.4355
-0.0328
0.2186
-0.6092
-0.7401
-0.0747
0.9566
0.2883
-0.243
0.5534
-0.4153
1.2598
-0.8763
0.3897
1.322
2.1748
-0.6414
0.2606
0.6087
-2.3819
-1.4992
-0.9727
0.1843
0.4462
0.4446
2.0106
-0.9479
0.0549
1.6461
1.3224
-0.9844
1.0758
-0.1804
1.6523
-0.35
0.0758
-0.9328
-0.0135
-0.7927
0.5908
-0.6969
0.296
0.1705
0.4531
1.6591
-1.0655
-0.1812
-1.0437
0.4679
-1.6146
0.8666
1.3978
0.9238
-1.2358
-0.5593
-0.5313
-1.841
-0.5417
0.3922
0.8065
0.4386
0.453
-0.1452
0.5184
-0.8683
1.7573
-0.8374
0.5229
1.5386
-1.9327
-0.939
-1.0905
0.3742
2.4473
0.2502
0.2053
0.1637
-0.8311
-0.1079
0.5148
0.5088
1.7404
1.3005
0.19
0.1595
-1.1308
0.4719
-1.0819
-1.3233
0.7277
-0.6147
2.382
-0.4946
0.9855
-1.1749
-0.9167
-0.5402
-1.3273
1.1989
-0.2841
0.3118
0.5947
-0.2123
1.4888
-0.7469
0.791
0.5783
0.247
-1.7058
-0.1143
-0.7148
-2.2767
-0.4569
-0.4282
0.799
0.6271
-0.6019
-0.2469
-0.3086
0.5558
-0.2462
0.9688
-1.9485
0.1753
1.8343
-1.7177
0.8233
1.5024
-0.9671
-0.3852
0.7097
-1.7387
0.3009
1.3757
-2.0897
1.0791
0.8576
-0.0176
-0.1937
-1.9443
0.8018
1.0566
1.4529
0.064
0.5565
-1.2887
-0.0258
0.5783
0.3864
0.3279
1.5566
-2.0895
-2.712
0.0061
-0.0504
1.433
1.1069
-0.4677
0.0239
0.1815
-0.05
1.4006
0.6956
-0.4196
0.0837
2.0664
0.8833
0.3705
0.1977
1.5063
-1.1055
-0.0215
-1.6359
0.1917
-0.1842
0.3344
-0.3622
0.2057
-0.987
-1.3173
-2.0938
-0.2062
-0.51
0.3423
1.091
-1.417
-0.8971
1.4524
-0.1706
0.2136
-0.2456
-0.3718
0.0406
-0.7705
0.2693
0.0858
0.2447
0.2548
-0.1511
-0.199
0.6923
0.5008
-1.7941
0.8419
-0.0284
1.1833
0.2556
2.1333
-1.02
0.2792
0.3024
-1.0252
2.6472
-0.3495
-1.3098
-0.4923
-1.4476
-0.6096
1.3799
-0.7558
-1.0009
-0.8922
-1.3876
0.7497
0.9751
-1.0314
0.0049
0.5738
0.7418
-0.403
0.5007
0.0178
0.1425
-0.7087
-0.7569
0.4281
0.5674
1.8625
0.141
-0.43
1.183
-2.0398
0.148
0.3105
-1.0169
0.6677
0.4248
-0.7482
0.3517
0.4932
0.0717
0.5423
0.1438
1.3497
-0.1718
-1.0576
-0.2657
0.1255
0.4134
0.0577
-0.8069
0.373
-0.6337
-0.3109
-0.2031
-1.4154
0.149
1.0574
-0.253
-0.69
1.1703
0.7819
-0.4258
1.1064
0.405
-0.9787
-1.558
-0.254
-1.791
-0.6087
-2.0117
0.9821
2.2584
-0.3198
-0.9586
0.4524
2.0673
0.1901
1.0898
0.6873
-1.0402
-1.2753
-1.792
-0.7166
0.0205
-0.2913
1.6018
-1.3135
0.4693
-1.2038
-1.0055
-1.7173
0.4813
-1.9759
-0.162
-0.0695
-1.2046
-0.0004
-0.9327
-0.2841
1.7073
1.1052
-0.8473
1.1033
0.023
-1.9301
0.365
0.1496
0.4268
-0.8544
0.7888
0.0919
-0.5785
0.0319
2.0937
1.1458
0.6737
0.7511
-1.4541
-1.1965
-0.2248
0.0359
-1.3503
2.0551
-0.6321
-0.9027
0.8819
-1.0099
1.3451
1.7477
0.1428
0.9384
0.8881
1.2053
-0.1432
-0.415
-0.6388
0.5324
-0.0433
0.2656
0.8323
0.9891
1.3678
0.3822
-0.3997
1.1875
-0.5377
1.536
-1.7511
-1.5209
-0.9576
0.2537
0.5111
-1.3016
0.6627
1.4228
2.2692
-2.0848
-0.2466
0.7645
-0.2643
-0.2134
-0.4219
0.1677
1.4494
0.7604
0.5545
-0.9301
-1.6502
-0.746
-0.1726
-2.6542
-0.079
1.283
-0.6484
0.5278
0.2391
-0.1304
0.4122
0.7296
0.2524
0.4633
-0.7003
0.7575
-0.3598
-0.0709
0.4758
0.5976
-0.7423
0.0882
0.5168
1.76
-0.6956
0.087
-1.0991
0.2456
-1.6517
-0.76
-0.8504
0.9936
0.9604
0.5477
0.2354
-0.6181
-1.9755
0.9542
1.5981
0.8963
0.8287
-0.4385
0.0332
1.228
0.1186
1.0222
0.001
-0.4064
1.165
-0.4467
-0.0811
-0.394
-1.7499
1.2369
0.3566
0.1341
-0.4698
-0.1767
-0.0006
-0.142
-0.6824
-0.7707
-0.6245
-0.8419
1.3784
0.7049
-0.095
1.0069
-0.0561
-0.2677
1.3388
0.3986
-0.1018
0.4327
-0.9733
-1.3856
1.5876
-1.1113
0.551
-0.3326
1.4952
-0.7189
0.0297
0.2584
-0.0807
-0.3935
1.258
-0.6507
0.645
0.4168
-0.0782
-0.4149
0.1023
-2.1977
1.6746
0.4883
2.4563
-0.814
-0.5934
0.6312
-0.2276
1.3838
0.2546
0.3385
-0.9765
-0.1145
-0.167
-0.254
-0.101
-1.7888
0.6265
0.1579
-1.0998
-1.1308
0.5444
1.3849
0.7788
0.5162
0.5661
-0.1775
1.5254
-0.1885
-0.5197
0.891
2.3973
-1.1201
-0.934
-2.0103
1.0418
-0.3027
-0.3099
-0.7742
-0.2551
-1.2062
-1.0986
-1.0583
1.0905
-0.8243
-0.3616
0.0991
0.5548
0.9215
0.2438
0.9728
0.0663
0.8157
0.0934
0.0497
0.4122
0.2415
0.2502
1.4034
0.3052
-1.1707
-0.7171
0.3314
-0.9095
0.5895
-0.4352
-0.3474
-0.2304
0.1144
0.7406
1.6507
0.995
-0.7828
0.0825
-0.4187
1.1828
0.7173
-0.4966
0.6145
-0.0147
0.5346
0.9123
-1.884
0.5701
-0.4548
0.688
0.1222
1.0213
0.6804
-0.7253
0.4416
-0.3301
0.452
2.2091
-1.1173
1.715
-0.6769
0.5508
-0.0709
-0.958
-0.2496
-0.4866
0.2148
-1.3111
-1.5715
0.7408
0.6662
0.1846
-0.3607
0.8995
-0.4874
-0.1017
-0.2835
-0.7553
-0.0273
0.0329
-1.4851
-0.4077
-0.0133
1.1733
0.52
0.8587
-1.2957
-0.0893
-0.4196
-2.2168
1.9567
-0.2337
0.5849
0.7533
-0.4651
-0.2321
-0.7935
-0.5051
0.4046
-1.5289
1.1828
-0.8661
0.2905
0.1366
-0.7762
1.6526
-1.1417
0.5282
0.2455
0.825
-1.139
0.2115
-0.2237
0.0551
2.3442
-1.1211
1.7404
-3.3988
-0.8922
-0.4862
3.035
-0.7841
-0.4373
-0.3873
1.0119
-0.6115
0.6065
1.1297
-2.4059
-0.102
0.7323
0.4054
0.6258
0.3172
-0.5288
0.0283
-0.3209
-1.1715
1.3645
-0.9793
-0.1017
-1.2444
-0.0882
0.5327
0.4621
-0.6233
-1.7071
1.1314
-1.2832
0.7215
-1.428
-0.1575
0.4314
-0.378
1.3396
-0.0473
0.226
0.1005
-1.3249
-0.005
0.4787
-0.1093
0.1955
-0.9003
-0.1503
0.0063
0.7322
1.865
-1.0036
0.3235
-0.8291
-0.0059
-0.7144
-0.1184
0.0006
0.0487
0.336
-0.781
0.4687
0.0256
1.6336
0.2511
1.3627
-0.1327
-0.1536
-0.0477
0.7193
1.4138
-0.742
-0.4165
1.8689
-1.0446
2.1648
-0.2474
-0.644
-1.0188
-0.7186
0.0321
0.3925
1.0261
2.1419
0.5613
-0.3127
-0.4839
1.1526
-1.1323
1.3108
-0.1027
-0.0161
0.2861
-0.6261
-0.1867
-0.1529
0.8934
-0.6363
-1.0087
0.6625
0.3467
-0.4528
0.1981
-0.5527
1.8424
0.5163
0.7922
-0.0658
0.1944
-0.5119
-0.3162
1.3621
0.7004
0.9793
-2.2465
1.2428
0.569
-0.4029
0.2884
0.702
-0.0242
-0.1849
-0.7637
-1.146
-1.5478
-1.3341
0.2526
1.9384
-0.4066
0.3873
0.0138
-1.3722
-1.5633
-0.0422
0.4955
-0.0498
1.1076
-0.6177
-0.5218
1.8594
-0.8959
-0.893
-0.5581
-1.5042
-0.5677
0.5256
-0.5706
-1.2633
-1.0363
-0.8157
0.5216
1.4998
-0.638
0.0801
-0.392
-3.0344
-0.7798
0.4838
0.472
-0.484
-0.8737
0.3558
-2.2854
0.8878
-0.9342
-0.8124
-0.704
-0.4686
-0.963
-1.7895
0.4592
-0.7884
1.0824
-1.7325
-0.2444
1.2052
-1.9419
-0.7222
-0.1349
-0.0309
-0.421
1.3844
-0.6296
-0.7778
0.3853
-1.0892
-0.8973
1.9307
0.6465
-0.349
0.2254
1.215
1.2892
-0.5344
1.1613
0.0036
0.3904
2.049
2.3335
0.0431
-0.1512
-0.3934
-2.1655
-0.9206
0.6891
-2.6721
-0.289
-1.503
-0.2719
-2.5045
0.8261
0.1887
-0.1259
1.1462
0.2807
-1.4429
0.0703
0.6219
-0.7676
0.4225
-1.3028
-2.117
-0.8254
-1.2429
0.7539
1.2105
1.3951
-0.5534
0.2229
0.0682
-1.3908
-2.5687
0.2158
-1.5888
-0.8817
1.5107
-0.9885
0.6374
-0.0033
-0.665
0.2227
0.617
0.8439
1.0857
0.182
0.6938
1.718
-0.7873
-0.0233
-0.1803
-0.8495
0.0858
0.8005
-0.8653
-0.4273
-0.7671
-1.2842
0.3673
-0.4334
1.3406
0.2571
1.3006
1.0055
1.3254
-0.3501
-0.464
1.1177
-0.573
-0.6323
0.4861
0.875
2.5089
-0.2403
-0.2901
1.2205
0.7254
0.4876
0.2857
-0.8292
0.2786
0.3226
-0.0439
0.3416
-0.0852
-2.0465
1.7216
1.6982
-0.6434
0.5763
-0.016
-1.1013
0.3372
0.0402
-0.0065
-1.2607
-1.7771
-1.7808
0.1946
-0.032
-1.8471
-1.4428
0.3143
0.0033
0.0178
-0.1176
-0.1305
1.1991
-0.1105
-0.3504
-0.5679
-1.0391
-0.7552
-0.2842
-0.4535
-0.8486
0.8208
0.5507
-0.1219
1.0682
-0.3955
0.3315
-0.7597
0.3013
0.8095
0.9718
-1.0815
0.7054
-0.7078
-1.3928
-0.0704
0.6854
1.0642
0.4812
-0.5965
2.7764
0.4424
-0.3782
-2.0708
-0.5387
1.6316
0.3199
0.9567
0.578
-0.58
0.8824
1.1021
0.7664
0.5136
-0.2894
0.1621
-0.0396
0.445
-2.0324
0.2475
0.2439
1.7029
-0.4289
0.033
-0.5531
0.8872
-1.1169
1.2506
-0.2511
1.536
0.2429
-0.4527
-0.1021
-1.0993
-0.3612
-0.9923
0.1043
-0.8445
-1.7626
0.1089
2.625
-1.0267
-0.2156
-0.3648
0.3655
1.1975
-0.1667
-0.4242
-0.1447
-1.1978
-0.2601
0.7901
0.6561
1.4968
2.1581
-0.3319
0.0565
-0.1205
1.3322
0.6407
-0.3091
-1.3817
-1.5553
-0.0553
1.2018
-0.8548
0.3834
1.219
1.6793
-0.4581
1.907
-0.2181
0.3243
0.3021
-0.8797
1.3355
0.3625
0.1883
-2.234
-1.8961
0.8015
0.9844
0.2213
1.1067
-0.0468
-1.4831
0.3756
0.5262
0.926
-0.2026
-1.3188
-0.8211
-1.8309
0.0846
1.8311
-0.1621
-0.0669
0.3295
-1.2066
0.7692
-0.3167
0.3052
0.3918
-1.4135
-0.8182
1.1952
1.0673
-0.4087
-0.4664
1.0993
-0.5164
-1.3192
0.4716
0.1894
-1.711
0.9793
-0.7311
-0.1213
1.6776
1.1501
1.6952
0.0793
0.5311
0.6875
0.0647
0.3248
0.3069
0.7054
-0.5007
-1.0742
2.0167
2.1037
0.0648
-0.0321
0.8289
-1.0335
-0.2705
1.5802
2.1946
0.9035
-0.7778
-1.2609
1.8705
0.2438
1.3119
0.4931
0.0775
1.4301
0.5239
1.0084
-0.5401
0.6447
0.3704
-0.2095
0.8917
0.8321
1.3717
0.6059
-0.805
0.6373
0.0696
0.6612
-0.157
0.6421
-1.1372
1.2771
1.5655
-0.1712
-0.502
-0.5368
0.6895
-0.0623
-0.3445
-1.6262
-2.0353
-0.1054
-0.5812
0.3954
1.2944
0.007
2.6064
0.4266
-0.2151
-0.1101
-1.3344
0.0413
1.0742
-0.9424
-0.0095
0.2537
-1.2196
-0.6737
0.1229
-0.7671
1.5829
-0.7542
-0.2508
-0.2227
0.2978
-0.361
1.3358
1.1214
-0.5915
0.9543
-0.2705
0.4183
-0.1642
1.1388
0.391
-1.5148
-0.6262
-0.5014
0.6995
-1.1857
1.7472
-0.0004
0.0229
0.6059
0.603
0.2135
1.7161
0.4034
-0.139
-0.3525
-0.0552
-0.1333
-0.1325
1.1226
0.8846
1.0638
-0.2183
-0.3948
0.2409
-0.2318
0.5215
-0.2667
-1.0857
1.5265
1.218
-0.0582
1.9336
-1.2191
-0.1582
-1.2471
0.3936
0.7217
-1.6528
1.3284
-0.1743
1.7425
0.2925
0.279
1.0692
-0.861
0.5253
-0.5919
1.5939
-1.2496
-1.0435
-0.5389
0.5177
0.155
-0.0783
-0.1181
-0.9224
-0.0652
-0.8466
0.8477
0.2132
1.0434
-0.5965
-0.2912
-2.4694
-1.2123
-1.1727
1.0338
1.498
-0.7761
-1.3326
-1.3338
0.4664
-0.5354
-0.9757
-1.3199
-1.508
-0.586
-0.3905
-0.1761
1.0211
-0.062
0.1028
-1.4435
0.0177
-0.9202
-0.1173
-0.4341
-0.1369
-0.9074
-1.6521
0.6486
1.1765
-1.3343
-0.8107
-0.1406
0.3157
1.4844
-1.7802
0.6077
1.8286
-0.5926
-0.5895
0.0343
-0.0093
1.4543
-0.8353
-0.0059
-0.7781
-0.2049
-0.1192
1.6374
-0.3347
1.23
-0.5344
0.7057
1.7507
0.2779
-0.6217
-0.426
1.2234
0.2561
0.1276
-0.4207
-0.3374
-0.1003
1.502
0.4326
1.3897
-0.0445
-0.5689
-0.2973
-0.3434
-0.1434
1.4383
-0.1761
-1.3208
1.0301
1.8787
-1.3233
-1.4535
0.3539
0.515
1.4548
-0.6198
-1.9057
1.4109
-1.4162
2.6861
-1.2753
-0.247
1.5719
-0.4413
0.3613
0.4514
-1.0341
1.1916
1.9291
1.7751
-0.0239
-1.1268
0.4351
0.8785
-0.9827
-0.0947
0.5881
0.8518
0.8928
-1.0356
-2.217
1.0217
-0.6204
-2.3554
-1.0833
-0.6039
-0.2415
-2.5856
-0.9724
1.9141
0.6147
1.1772
-1.1376
0.6406
0.9784
0.6284
0.3695
-0.4844
-0.3541
2.3747
-0.1286
-0.8126
-0.2957
0.8545
1.0201
-0.5151
-0.0843
2.6813
-1.0635
-0.3522
-0.0531
1.5151
1.3946
-1.8555
-0.2937
0.214
-0.1532
0.7026
-0.9329
0.6268
-2.0703
1.4996
0.9535
-2.1811
-0.3797
-0.4516
-0.9953
0.7965
0.8129
0.0295
0.302
-0.2783
-0.0352
0.5556
-0.6945
-0.1173
-0.9254
-1.6759
0.6499
-0.4281
-0.8201
-0.8956
-0.1448
-1.1072
0.3415
-0.6925
-1.2605
-1.4834
-0.6406
-0.6929
-0.5035
1.1956
-2.1874
0.6661
-1.3492
1.1266
1.2959
0.4606
-0.9806
-0.0393
0.3005
0.3966
-0.9248
-0.1272
0.8625
-0.028
0.9891
-0.6659
0.8057
-0.9807
-1.0998
-0.0365
-1.6648
2.1764
0.5897
-1.2724
1.588
0.3253
2.5134
0.9454
0.9451
-0.1946
0.4846
0.2877
-0.7394
-0.0941
0.5304
-0.6234
0.8881
-1.1627
-0.9011
-0.678
0.9628
-1.2352
2.0478
0.2456
-0.1218
-1.095
-0.027
-0.1749
1.0141
1.1222
-0.975
-0.6252
0.2433
0.9856
0.001
-0.4067
-0.058
-0.2541
-0.4217
1.2629
-0.4748
0.4622
-0.708
1.0152
1.4525
-0.5634
-0.3303
-0.1209
-0.5265
-0.6139
0.4377
0.1483
-1.7519
-0.374
0.2008
-0.1119
-0.4625
2.1389
0.0519
-0.1591
0.7424
-0.231
1.0292
0.0218
0.5158
-0.0031
-0.951
1.9592
0.4515
0.9039
-0.5035
-0.2212
0.1679
0.9379
-0.5226
-1.4947
-0.3914
-0.6566
1.4037
-0.137
0.5597
1.3868
-0.8793
1.5273
-0.4597
-0.1118
-0.3547
0.0996
0.4641
-1.2653
-0.5122
0.868
0.8997
-1.0914
0.5638
-1.2368
0.1156
0.0758
2.0482
-0.0182
-1.1174
-1.6995
-0.3099
-1.4763
0.1863
1.2371
-0.1752
-0.7932
1.8654
-0.0175
-0.6305
0.2357
-0.6626
0.4529
-1.0779
0.8999
-0.0816
2.0556
-0.3184
0.2544
-0.6776
0.1128
-0.2216
0.2739
0.7085
-0.8619
-1.9939
-0.1514
0.5272
0.4538
-0.1877
-1.4994
-0.9293
-0.9165
0.3963
-0.03
-0.0614
0.4817
1.5797
-1.7115
0.5008
-0.0647
-0.1862
-0.0981
1.0681
-0.3629
0.2587
0.3107
1.9714
0.0927
-1.5377
0.1473
-1.1848
-0.3069
-0.3579
0.0226
-0.9141
0.1809
-0.4547
-0.3316
-0.6278
-1.2724
-0.297
0.02
1.86
-0.4602
-1.4334
0.9822
0.2261
-0.2267
-1.306
1.3312
1.1892
0.118
-1.226
3.0738
0.0201
-0.3693
0.5932
-0.223
0.8332
0.1984
-1.1597
1.2337
-0.7719
1.3273
0.2899
-0.4364
1.0827
1.05
2.4418
0.6198
-0.042
0.5274
0.1213
-0.919
0.0971
1.0598
0.2025
1.3963
1.8272
1.4234
-0.2723
-1.7161
0.3672
1.3335
-2.2135
1.5016
-1.7619
-1.2652
0.6617
-0.2313
-1.1309
-0.5963
-0.6262
-0.3869
0.0935
-0.3374
-0.1859
0.6023
-0.4706
1.0454
-0.4845
0.4031
-2.4428
-1.9771
-1.9061
0.2257
0.1097
0.251
0.5731
-1.8453
0.8876
-0.4189
-0.677
0.6336
0.2624
-0.8021
0.7867
1.304
0.5793
-1.0742
0.5563
-1.661
0.4623
1.8939
-2.9042
0.3879
0.2576
-0.5269
0.1681
1.1199
0.8517
-0.4518
-1.2129
0.816
0.0516
-1.6138
1.152
0.1658
0.6563
0.7642
0.15
-0.6011
0.792
-1.5289
-0.8654
-1.307
1.1392
-1.7155
-1.177
-1.4485
0.628
-0.7925
-0.0179
-0.7312
1.5086
0.9482
0.5589
-0.4248
-0.2427
0.1402
-1.0723
-0.9004
-0.3972
-0.4832
1.3549
-1.1174
-1.732
1.3679
-1.4733
-0.3192
1.042
0.8368
0.2421
-0.2451
-0.915
-1.8745
0.0492
-0.8207
-0.1675
1.6406
-0.1708
-0.5173
0.1929
-0.6177
-0.8157
-1.5051
0.3166
0.1937
1.1245
1.355
1.2832
-0.881
-0.9278
0.0059
-0.6944
-1.3233
0.1338
-1.0727
-0.7748
0.0139
1.9725
-0.878
0.1933
-0.8183
0.7062
-0.5501
1.1917
-1.8217
1.3294
-0.5546
0.0442
-1.6745
-0.7824
0.9171
-0.0689
-0.9257
0.1865
0.9458
-1.1434
0.3124
-0.0302
-1.9983
0.3407
0.9055
0.4252
1.6169
0.4315
-0.3382
2.43
0.8709
1.7179
-0.0073
-0.2066
-0.019
-0.3996
0.1814
0.9034
-0.7359
0.2059
-0.5151
1.8928
0.4269
-0.8803
1.8149
-0.5
0.6382
1.2394
0.4695
0.5248
-0.9247
-2.4462
0.8702
-1.7474
0.4559
-0.7738
-0.1815
-0.0809
-0.1358
0.9637
0.5819
0.4431
0.8999
0.4519
-0.1423
0.6732
0.7562
-0.1012
-0.4866
-1.2026
-1.4486
-0.5786
-1.2622
-0.0219
-0.5574
-0.8023
0.0156
0.2153
-0.4327
0.037
0.3328
0.3673
1.5841
-0.8986
0.6342
-0.4151
0.2671
-0.6544
1.8041
-1.1044
0.6512
1.7576
-0.4297
-0.1121
-1.5846
0.714
0.7875
-0.2394
-0.555
-0.9731
0.1152
-0.8306
-0.6668
0.9819
1.0068
0.1262
0.6526
-0.9033
1.8671
-0.8962
0.16
-0.2788
-0.9407
-0.5468
0.4442
0.5929
0.5165
-1.1844
-0.7914
0.0995
0.9204
-0.5745
0.003
-0.3171
0.5745
-1.1107
0.9701
2.0982
-0.6543
0.7635
1.2974
1.2094
-2.2525
-0.2542
0.6248
-0.1151
0.3395
-1.1031
2.6302
-0.493
-0.6912
0.4199
1.98
-2.2255
-0.649
-0.8901
-0.2135
0.7841
-0.0208
1.4872
-0.2849
-0.6477
0.4909
-0.5002
1.4468
0.3306
1.1979
-2.6355
-1.6245
-0.132
-0.4136
-0.2931
-0.3319
0.3118
0.5864
0.0347
-1.6874
0.9493
-0.1341
0.3137
-1.5536
0.3256
0.5787
0.4667
-0.5486
-1.5714
0.0791
-1.1383
0.5432
1.4583
0.3084
1.6472
-0.1263
-0.5507
0.156
0.1992
-1.8714
0.3012
-0.5586
0.22
-1.0992
0.2275
0.3599
0.2886
0.8826
-0.0661
-1.0149
1.286
-1.2325
-0.924
-0.8178
0.471
-0.5006
-0.0091
0.7034
0.2124
1.497
-0.6705
1.1312
-1.1652
-0.7826
-1.1299
-0.8136
1.0365
-0.0239
-0.1476
1.0714
-0.8334
1.8678
0.1783
-0.7354
-1.1535
0.6181
0.4702
-2.1098
0.9221
-0.5702
-0.0518
0.524
-1.5586
-0.3984
1.1684
-0.0752
0.5353
-0.1612
-0.4633
1.4359
-1.6265
-0.9884
-1.0825
0.6605
0.6053
0.5077
0.8309
0.9305
1.0761
-0.5353
0.5833
-2.7012
0.342
-1.2884
0.0972
-1.2445
-0.1751
0.0755
-1.3259
-0.8264
-0.7018
1.1297
0.0382
-0.6192
0.4199
-0.2242
-0.1923
-0.6027
1.1995
0.0726
-1.0179
0.2692
-0.331
-1.0377
0.6064
0.1115
-0.174
0.6393
-0.3497
-0.5443
1.1208
-0.9618
-1.5372
2.494
0.8295
-1.1826
0.5005
0.2604
1.2993
-1.8907
-0.1978
1.3622
0.505
1.1424
0.3059
-0.1214
0.7412
1.1431
-1.0222
-0.1399
0.8436
-1.1085
-0.1154
1.2086
-1.9768
-1.2303
0.4105
0.7641
-0.5766
-0.5571
1.8438
-0.2447
-1.2697
-0.3197
0.2964
0.2713
0.1997
-1.4164
-0.4278
-0.9888
-0.1296
-0.6318
0.0887
-0.5802
-1.5735
-0.8612
1.4095
-1.9834
0.7944
0.8958
0.5072
-0.9059
0.9952
2.6003
1.7987
-0.0034
0.1569
0.9388
-1.8206
1.2602
-1.6314
0.4242
-0.6651
-0.8772
-0.3827
-1.4919
0.6894
0.9821
1.1866
1.0645
-0.2493
-1.2439
0.4969
-0.3342
-0.4551
0.7015
0.809
1.0466
0.622
-0.4244
-1.2576
0.0024
0.5931
-0.1818
0.7985
1.0186
-1.8599
-0.0949
-1.4926
1.7787
0.2097
0.0334
-0.8761
0.0206
-0.3277
-0.4962
0.826
-0.0847
0.5563
0.1278
0.2867
0.3136
-0.132
-0.5428
-0.5455
1.2162
2.5302
-0.7479
-0.0338
-0.777
-0.1743
0.8241
2.5032
1.515
-0.8243
-2.0805
-0.7028
0.6973
0.6191
0.2831
-1.0202
1.9757
-0.2867
-0.6356
1.3265
0.5227
-1.1829
-0.1903
2.2323
-0.1847
1.4741
-0.3251
0.2621
0.8221
-1.3775
0.7422
-2.3316
-0.9445
0.2172
2.5728
0.0588
1.8218
1.4498
0.9521
1.6596
-0.4925
-0.9673
-1.3488
0.4201
-0.4398
0.8732
0.5058
0.7249
-2.1542
-0.2081
1.7458
0.9696
0.8769
-0.4248
0.4289
-0.1999
0.6694
1.0502
-1.15
-0.8004
-1.5307
-1.8991
1.326
0.111
-0.8768
-1.002
0.537
-0.2927
-0.9953
0.06
0.0098
-1.115
-0.5817
1.4855
-0.5608
-0.0369
1.3389
0.5556
0.8755
0.7155
-1.488
0.466
2.5387
2.2947
-0.0971
-0.2089
-0.1414
0.9593
1.6528
0.0301
-1.1437
-0.0525
0.0359
-1.1463
0.1463
-1.977
0.2604
0.3211
-0.5623
0.7922
-0.6065
-0.8209
-0.3032
-1.0197
0.2814
-1.3876
0.8671
-1.194
0.3431
0.9175
-1.558
-1.415
-0.7587
0.0739
-1.7258
0.2113
0.1401
0.6123
0.862
0.3488
-0.7656
0.1317
0.5523
0.7023
-0.5518
0.7461
-0.5458
-0.6275
-1.8602
1.0849
-0.6863
-0.8047
-1.0797
-0.3919
0.5856
-1.3919
-1.7347
0.953
0.2411
0.178
1.3299
0.8576
0.162
0.2442
1.8587
-1.4675
0.7579
-0.3871
0.4612
1.6813
1.3044
0.3557
-0.1721
0.7501
-0.7781
-0.2241
0.4569
-0.8862
-0.3273
0.1147
0.4431
-0.8288
-0.2142
-1.1667
-0.4818
0.5237
1.1284
1.8093
1.5179
-0.8643
-2.5384
-0.7114
0.8224
0.3207
0.1304
0.4723
0.7894
1.3599
1.3468
-1.0973
0.6435
-0.7814
0.2112
0.4016
1.7475
-1.9666
-1.2357
0.2145
-1.4508
0.3572
0.7938
0.7432
2.1103
-1.1037
-0.1972
0.6175
0.4812
0.2205
-1.9399
-0.6458
-1.8166
0.5968
2.2283
0.9122
-0.272
0.7938
-1.3363
0.9356
-0.7777
0.0029
-1.2766
-0.8248
-0.1083
0.2801
0.3063
-1.4719
-1.8437
0.5166
-1.3121
-1.487
0.3961
1.6973
-1.1043
-0.4857
0.4775
-0.4908
-0.9775
0.0755
1.1403
0.1354
-0.3096
-0.06
0.3079
1.482
-1.1973
1.4143
-1.0901
-0.0005
-0.4173
-0.2337
0.1426
-0.0827
0.8436
-0.3534
-1.286
0.4584
-0.0148
-0.4116
-0.508
0.4372
-0.6459
0.4862
0.478
-2.0239
-1.7365
0.3265
0.0243
0.3509
-2.4103
0.1655
-1.2225
1.6132
0.9146
0.1859
-0.3664
0.9755
-1.3219
0.1924
-0.2296
0.8743
-0.9033
0.4116
0.9498
1.1593
1.0892
1.2522
0.3806
0.1898
0.3666
-0.5792
0.0561
-0.4742
1.4253
0.5715
0.672
0.5606
1.3395
-1.0046
1.6468
-0.331
-0.6633
1.2712
1.0326
0.2057
-1.6378
-0.9321
-0.2613
-1.6556
0.6919
-1.321
1.5833
0.4532
-0.2177
2.849
-0.1191
1.3499
-0.2125
-0.8466
-0.5654
-1.5528
0.1449
0.9368
0.1776
-1.0271
-0.766
-0.1132
0.3005
-0.297
-1.5394
1.7404
1.5854
-0.6387
-1.2815
0.1215
-0.7122
-0.2002
1.2074
-1.3703
-0.6662
0.0435
1.9021
0.0877
0.259
-1.2314
-0.3439
-0.8693
1.2273
-0.5935
-0.5787
-0.4807
-0.3294
-0.6711
-0.5602
-0.1348
0.7388
0.1208
0.8246
-2.2079
1.0961
-0.4017
-1.1742
-0.2558
2.2387
-1.4423
-1.0221
0.572
1.2321
0.3023
-0.3687
-0.107
0.9697
-0.4733
-0.0768
0.9793
-0.3383
1.6107
1.1238
-0.4952
0.5778
-0.0986
-0.143
0.129
-1.6788
-0.1644
-0.3674
0.3401
-0.7373
-0.0624
0.7248
-0.9003
-1.1431
-1.1874
0.5693
-0.1217
-0.8366
0.0401
0.7202
1.9717
-0.5553
0.263
1.0362
-2.0517
-0.8471
-0.7881
0.651
-0.5425
-1.0111
-0.9348
-1.4808
-1.2704
0.2119
3.1252
-0.1356
-0.5722
1.6861
0.364
1.2882
0.268
-0.6382
0.2476
-0.3777
-0.8336
0.8148
0.6191
0.4867
0.038
-0.3424
-1.4588
1.4428
2.8009
-0.6068
1.6884
-0.8394
-1.0219
-0.513
0.7987
-0.8425
0.1321
-0.1517
-0.1217
2.0519
-0.6422
-0.9844
-1.6729
-1.4586
-0.9186
-0.7991
-0.9585
-0.5191
-0.3345
0.2067
-0.7069
0.5529
-1.383
0.1205
0.4603
0.9919
0.1389
-0.307
-0.4551
-0.3282
-0.3423
-1.0575
-1.1217
-1.0456
1.8427
-0.6671
1.404
1.6416
-1.6178
-0.4761
-0.4605
-0.8215
0.5222
0.0619
1.1343
0.5934
1.3237
-1.6069
-1.2197
1.1439
-0.0227
0.9253
1.9747
-0.4801
-0.6154
0.2369
-0.1275
-0.0565
-0.5061
-2.1602
0.9562
-0.242
0.1356
0.5304
-0.6748
0.0395
1.3592
0.4533
0.5081
2.3787
1.0211
-0.243
0.2687
-0.3571
0.8907
0.3477
-0.4963
2.1417
0.8096
-0.651
0.278
1.7333
0.6776
0.7647
0.1504
1.1939
-0.5763
-0.8005
-0.0056
-0.9079
-2.2237
-0.8986
-0.1343
1.082
-1.4343
0.4336
-0.714
-0.776
-0.9428
-0.4884
-0.9477
0.1296
0.4687
-0.4319
0.5412
0.9664
1.1569
0.3227
0.2939
-2.0057
0.4426
0.2932
-1.5959
1.297
-1.2172
-1.6359
-0.9778
-0.5317
-0.7984
0.4391
0.0391
0.796
1.4292
1.0787
-0.2638
-2.0122
0.8018
-1.1192
0.0668
0.4729
-0.032
0.4871
-1.3612
-0.7496
-1.3545
0.7114
0.0997
0.7364
0.2923
-0.255
0.3391
0.2658
0.0262
0.7818
0.0121
-0.5471
0.9754
-1.1844
-0.4668
0.8202
1.5989
0.2846
1.6
0.3611
-1.1712
0.452
-0.5025
0.4391
0.5916
-1.2104
1.6771
0.7528
1.1942
0.018
-0.0517
-0.0218
0.6584
0.353
-2.0368
2.7144
0.9936
-0.2963
-0.6426
0.5697
-2.4727
0.2743
-0.6055
1.1091
1.7571
-1.027
-0.245
0.4702
0.1179
0.8827
1.0034
1.0164
0.9378
-0.1508
-1.0691
0.6707
0.8963
0.3273
-0.3071
-1.8844
0.3655
-0.886
-0.1364
-1.4117
1.7555
2.0499
0.0228
-0.6052
-0.7192
0.1445
0.4271
0.1008
-0.4429
-0.3045
-0.0559
-0.1845
0.8337
0.3386
1.7493
2.4316
-2.9882
-0.2221
1.7232
0.0966
-1.6006
0.5908
1.153
0.1313
0.1742
-0.1703
-1.1495
-1.4398
-0.7426
-0.4603
-1.6427
-0.2253
0.1225
0.6857
0.4826
1.3557
-2.6392
-0.2614
0.834
-1.241
-1.3242
-0.436
0.9184
0.4433
0.321
1.0043
1.975
-0.8447
1.6084
0.4808
1.003
0.0323
-1.3897
0.3888
-1.3915
-0.9373
-0.7881
1.2016
0.5628
0.7707
-0.1341
0.0887
-0.4585
-0.4322
-0.9217
1.6345
-0.8609
0.9064
-1.0284
-0.7529
-0.2735
0.3634
0.5335
1.7926
2.2831
-0.4174
-1.5092
0.9884
-0.0948
0.897
0.7438
1.9953
2.2059
-0.7938
-0.774
-0.8162
0.1099
0.5673
-0.6466
0.1304
-0.7126
0.9135
0.295
0.9
-0.7847
1.1301
-1.0453
-2.3922
-0.3564
-0.9095
-0.5887
0.2671
1.1006
0.357
0.057
-0.2411
0.4981
0.8422
0.0496
2.0423
0.3839
0.5098
0.9451
-1.1047
0.258
0.4032
-0.0199
1.2097
0.0144
0.385
1.2781
0.2317
-0.1106
-0.2488
-0.7462
0.8584
-0.5788
-0.3483
-0.2614
-0.1375
0.341
-1.4558
-1.3518
0.1366
-0.3657
1.5249
-0.7911
-2.3618
0.2408
-0.54
-2.5615
-0.0795
-1.113
0.3783
0.8127
-2.2823
0.8101
-1.427
-1.1552
-0.5605
-0.0871
0.5269
-0.8082
-0.8562
1.9894
-2.6732
1.6985
0.1148
-0.8876
0.5508
-1.1797
-0.9161
0.5451
-0.4074
-0.8039
-0.6769
0.2849
0.9915
1.4668
0.6583
0.5695
1.3573
1.9425
-1.7645
-0.049
-1.687
-0.4655
-0.3577
0.0457
-0.3446
0.1281
-0.9611
-0.0292
-0.4212
0.278
0.635
1.2741
1.9582
-0.2217
0.4621
-0.1488
1.0975
-0.2187
-0.884
-2.2536
0.1618
-1.7536
0.8144
-1.3261
-0.6611
0.8571
0.0581
0.8242
1.5204
0.8074
-2.5123
0.5978
0.1795
-0.5499
-1.6282
0.2246
-0.9597
-1.075
-0.0766
0.3589
-1.0404
-0.5279
0.8332
-0.1094
1.5485
-0.1663
-1.0867
-0.4823
0.6615
-2.0049
-0.0331
0.59
0.7286
-1.8865
0.0963
0.6088
-0.8477
-0.2684
1.6144
1.8343
-0.7822
1.1474
0.0293
0.8866
-1.6759
0.7506
0.6735
0.9442
-1.1013
-0.0645
0.9889
-1.0656
0.8057
-0.5342
1.789
-0.8088
-0.7953
-0.3474
-0.0532
0.4907
0.4449
-1.158
0.5124
-0.6328
0.3299
-0.3187
0.0408
-0.7121
1.2661
0.3165
1.673
0.1733
0.2535
0.6582
-0.1032
-0.7704
-0.8613
0.4928
-0.6233
-0.7228
0.9022
-0.0157
-0.3467
-0.5748
1.064
0.5477
0.2959
-0.2525
-0.1878
1.3497
-0.8777
-0.455
1.3574
1.2641
1.1264
1.9346
1.2157
-0.1124
1.8572
-0.6633
0.4915
1.0934
-0.2705
0.1264
2.1073
-0.5821
0.4423
-0.7976
-0.0093
0.7344
0.5159
0.0832
0.4372
-1.0396
0.5446
2.2733
-1.2164
0.8158
1.4221
-1.0285
0.295
1.0452
0.8953
-1.6127
-0.2382
-0.4557
0.7799
-0.3261
0.605
-1.1173
0.3334
-0.1412
-0.4955
1.3053
0.4169
-0.4425
-0.7942
1.2187
0.6938
-0.7627
0.6562
1.2851
1.0084
0.5476
1.5257
-0.3881
-2.0809
0.8469
-1.3175
0.8993
-0.7104
-0.6472
-0.6004
-0.4195
0.0346
0.989
-0.986
0.869
-0.2362
-0.1456
-0.2768
0.6524
-1.7109
0.8994
-1.056
0.2069
-1.9083
-1.3957
-0.0475
0.0016
-0.6843
-0.4477
-1.0519
0.2875
0.5363
-1.1244
0.8933
-0.0296
0.7276
-0.4645
0.9858
-0.6715
2.1352
1.5032
-0.2429
1.0026
0.563
0.9176
0.4646
0.0323
0.9586
1.0082
-0.2115
0.3305
-0.502
-1.1572
-0.3866
-0.5597
0.6349
-0.8052
-0.5212
-1.3324
-0.0411
1.3337
1.0669
0.2247
0.49
-0.8265
0.6457
-0.3228
0.6882
-0.8905
0.2
0.7314
0.9857
0.0125
1.3565
-0.1263
1.0418
0.1209
-0.314
0.1973
-1.0148
-1.6786
-0.5241
1.4824
-0.375
-0.3504
0.0998
-1.3922
-0.2918
0.6465
-0.5514
-2.0457
0.0542
-0.4942
-1.0918
2.0478
0.003
-0.9128
-1.3615
-0.665
1.1034
-0.095
-0.7771
-0.5612
-1.3408
-0.8272
-0.8312
0.8021
-0.4674
-0.558
-0.1134
-0.4741
0.9496
1.6299
0.3384
-1.2108
-0.3901
0.601
1.6085
0.1246
0.9203
-0.2221
2.1372
0.4723
-1.1019
-0.7619
0.5417
-0.3825
1.2461
0.3756
0.4609
-1.3798
1.8255
-2.4134
1.403
0.2913
-1.0581
0.0056
1.4522
-1.2965
-0.2024
1.6276
0.1577
0.298
-0.1814
-1.6608
-0.43
0.433
2.1537
0.9947
1.2093
0.8885
-0.8313
0.3494
0.0954
-0.1747
-0.646
1.5801
1.2168
-0.4769
1.786
0.7945
-0.7047
-0.2723
0.0461
1.1964
-1.504
-1.2888
-0.9113
-0.7
0.6265
0.6603
0.3676
1.2473
0.7153
-0.0202
-0.9558
-2.885
-2.6117
-0.0999
-0.6195
1.509
-0.3109
0.4851
-1.0968
-0.4581
-0.6719
-0.7894
-1.0798
0.0581
-1.0419
0.8051
0.0161
0.5136
-1.0825
2.0956
1.3514
-1.144
-0.2067
2.3423
-1.226
-0.483
1.5172
1.4042
-0.5483
1.3344
1.1206
1.1221
0.2126
-1.5165
-0.1287
-0.297
-0.3022
1.4448
1.063
0.0115
0.2388
-2.3432
0.6122
0.5241
-1.3101
0.8082
-0.1504
0.3573
0.99
0.0812
-1.157
-0.8919
-2.1231
0.6543
1.2747
-1.4645
0.5167
0.0808
1.0963
-0.7997
0.3292
-0.0716
-0.9388
0.8425
1.0637
-1.0723
-0.7148
0.5785
2.4269
1.1778
-1.3374
1.2111
-0.901
-0.6044
-1.0757
0.2058
-0.8586
0.444
-1.79
-0.2572
1.0734
1.4796
0.9745
0.4747
-0.0621
-0.0659
0.2235
-0.502
1.2044
0.7021
0.2079
0.0799
1.3529
-0.1468
-0.8039
1.7634
0.6561
-0.6618
0.7725
0.4084
1.1872
-0.4132
0.5188
-0.5779
-1.5664
0.0643
-0.9287
-0.3226
0.0423
-0.8177
0.1147
0.7208
-0.5999
-0.4388
1.161
-0.9698
-1.5838
1.52
1.2613
0.535
-1.935
1.78
-0.1914
0.3769
0.2794
0.751
-0.3484
1.0266
-0.2603
-2.4742
0.4737
0.7519
0.4587
2.1583
-0.7788
-1.1957
-0.2885
0.8877
-0.0107
-0.3891
0.6707
-0.3741
2.1737
-0.0474
0.851
-0.7722
0.5965
-2.0653
-0.8219
0.659
0.7966
-1.4217
-0.1121
-0.1399
1.9153
-0.4524
-1.1472
0.8162
0.0895
-0.2803
0.27
-0.6811
1.3775
1.8051
0.0344
-0.1809
0.5217
-0.7124
-0.1761
-0.311
1.2244
-0.1457
-0.0426
1.0445
-0.2273
-0.7573
-0.0966
0.3438
0.2661
0.3298
0.0914
-2.2036
1.1459
-1.013
0.6943
-1.1756
1.3856
-0.4213
1.3294
0.6161
-0.941
0.7444
0.4617
-0.1729
0.5581
1.023
0.1673
0.4973
-0.6403
0.0631
-0.6283
-0.1394
0.4422
-1.1107
1.4542
-0.0052
-0.1228
0.6971
1.2322
0.1843
-0.2725
0.647
0.1554
0.4827
-0.8749
1.1867
-1.2963
0.6584
0.7368
0.2505
-0.515
0.0236
-1.1311
1.9103
0.8721
-0.4202
-0.2282
0.82
0.0462
-1.0318
-1.324
-0.2636
-0.7433
1.0413
1.5483
-0.8892
1.34
-1.1423
-0.4796
1.7163
-0.7657
1.3115
2.9618
0.0366
-0.443
-0.9185
-2.7408
0.0874
1.1167
1.2028
1.6188
-0.6692
0.0193
-0.4631
0.172
-0.422
0.1882
1.345
0.3658
-0.0718
-0.251
-0.846
-0.0393
-0.0697
0.7748
-0.7101
0.4207
0.9594
0.6547
1.1879
-1.3612
0.0384
-0.8171
-0.0201
0.0375
-0.9344
1.0353
-0.2847
0.2508
-0.0925
-0.1857
1.0122
-0.0826
0.2129
0.9314
0.4752
0.5054
1.3319
-0.0079
1.0586
-1.6304
0.4003
-1.658
-0.7491
1.6041
-0.3604
1.835
0.107
1.4789
-0.1858
0.042
-0.8355
-0.6157
-0.6758
-0.4243
1.2025
0.5692
-0.6977
-0.565
1.441
-1.8846
0.3353
-0.4626
-1.4102
-0.8489
0.1742
1.2514
-1.1992
0.1349
0.9534
-0.0114
0.7273
0.5004
0.9046
-0.1956
0.6262
-0.5845
-1.3635
0.8772
2.0031
-0.1948
-2.2632
0.8988
1.0026
-0.8242
1.8119
-0.2628
0.5645
-0.311
1.6473
-0.1426
-0.5328
2.0029
1.8008
0.062
-1.32
0.9661
0.6236
3.6967
0.6663
0.3452
-0.5995
0.8712
0.1674
-1.0383
-0.6214
1.8038
-0.8164
-1.1088
1.1514
0.3758
-0.9438
-0.4318
0.3614
0.1184
-0.8127
-0.043
-1.3357
0.3721
-0.2465
-0.82
0.1311
-0.0608
2.2135
-2.1307
1.2377
-0.6818
0.9909
-0.5774
1.0419
0.2448
0.2071
-1.2838
2.4545
-0.5931
-1.0401
-0.4903
-0.5644
0.9632
1.5256
-0.1711
-0.8656
1.327
-0.4828
-0.3412
0.1384
-0.9304
1.092
-0.7808
0.9238
-2.2773
-1.2824
0.303
-0.0831
-0.4384
1.2336
-0.1301
1.2951
0.0221
0.3408
-1.4189
-0.8352
0.7542
1.4706
0.6889
1.1792
-0.4359
0.0639
-0.0794
1.1302
1.4194
-0.119
-1.3162
0.1922
0.8663
-0.3691
-0.9669
-0.9141
1.3644
-1.0716
-0.9758
1.4225
0.7018
-0.2341
-1.6207
0.7181
0.1021
-1.9678
-0.6917
0.3996
-1.4099
0.1227
-0.0268
-0.4584
-1.2024
-0.5451
0.8609
-0.1684
1.2841
2.4749
0.2004
1.3637
-1.6586
0.2279
0.8013
-1.4185
-0.6925
1.069
1.7003
-0.9346
-0.4344
0.7546
-0.7372
-0.5734
-1.7952
-1.6212
-1.1555
-0.5403
1.2283
-0.4909
-0.434
-0.3242
-0.0867
-0.041
0.2593
0.8487
1.2844
0.7427
-0.2146
0.4927
-0.4418
-1.3004
0.1271
-0.8429
1.1257
-1.7445
1.6231
-0.2139
0.7973
0.6964
1.1666
1.081
-0.7598
0.2196
1.2108
2.0092
-0.1154
0.6045
-0.3258
-0.5241
0.9191
0.5946
-1.2163
-0.9598
-1.3075
-0.6556
0.5494
0.9798
-0.3739
0.8253
-0.3907
0.7207
1.0488
1.222
1.0016
0.8697
-0.2438
-1.4989
0.4081
0.1538
1.4501
0.177
-0.4991
-0.129
-1.018
-1.5721
0.1372
0.8116
1.0827
0.4086
0.5248
-0.6808
-0.0393
-1.2263
1.4617
-0.2965
-0.4334
-1.0171
0.0778
0.3302
0.0308
0.1115
-0.1336
-0.4947
1.9345
-0.5215
-0.6783
0.1572
0.2367
1.839
1.7356
-0.9528
2.8467
-1.0829
-0.2999
1.8783
-0.2714
0.8424
-0.208
-0.6304
0.1838
-0.1331
0.5198
-1.569
1.1489
0.5781
-0.467
-0.6334
0.712
-2.0417
0.3494
0.0092
0.0252
-0.5827
-0.5888
-0.4968
0.9394
-0.5699
0.2419
-0.8082
1.6344
-1.3316
0.0229
-1.1224
-0.2893
-0.5662
0.3004
-1.0946
-1.8791
-1.1122
0.4332
-1.0103
0.7808
-0.5389
0.7387
0.8998
-1.2515
1.17
1.0428
-0.0234
0.1932
0.6687
1.0657
-0.6312
1.4199
-1.0752
-1.5755
0.849
-0.305
-1.1687
1.0892
-0.7055
-0.8859
-0.8048
-1.9696
-0.697
-0.9022
0.3052
2.6835
0.0262
-1.0717
-2.3211
1.1144
0.8597
-1.0553
0.4478
0.6454
-1.4543
2.2338
0.5366
-0.7411
0.1484
0.5298
-1.7398
0.926
-1.4912
-0.2568
-0.1345
-0.8408
-0.1973
1.0489
0.4533
-0.6636
-0.8456
-0.6794
0.4193
-1.741
-0.1318
0.1137
-0.4547
1.7842
-0.1868
1.5414
1.1661
-0.2026
-1.0227
0.186
-0.1498
-0.5024
0.7617
-0.6227
-0.2795
1.3406
-0.2104
-0.2027
-0.0897
1.6861
2.5467
-0.6389
0.565
0.7223
-0.4735
0.1691
2.0385
1.713
0.8142
-1.6887
-0.262
1.4925
-0.8695
1.222
-0.4137
-1.1465
0.9378
0.6782
0.3857
0.4636
1.6611
-0.0581
-0.2287
-1.2274
-1.394
-0.1877
-0.5693
-1.212
0.4587
0.4928
0.762
-0.2619
0.3104
-0.1688
1.6157
0.4806
-0.0658
0.1032
0.9143
-2.2087
-0.6187
1.0482
-1.9974
0.9514
0.2859
1.4924
-0.2138
0.2815
1.1137
-0.0649
-0.2188
-1.3942
0.2828
-0.0504
-0.7049
-0.5859
-1.5672
-1.7189
-0.0774
0.2706
-0.2259
-0.2834
2.3881
0.6528
-0.7346
-0.113
-1.2132
1.4838
0.2324
0.883
-0.3574
-1.1096
0.2033
-1.5421
1.1607
1.3444
1.2974
-0.2192
-0.0518
0.6808
1.1945
-1.7293
0.1059
-1.5678
1.6703
-0.8414
0.6932
0.9301
-0.4321
0.5148
0.6319
0.6786
0.4546
1.241
-1.3289
-1.4771
0.6197
-2.484
1.9905
1.0804
1.2117
0.4517
-0.4128
0.1784
-2.0136
0.3198
-0.3775
-0.5265
0.4398
-0.5417
-1.3412
-0.7338
1.2276
-0.9103
-0.2023
-2.3179
-0.0685
0.5204
0.1885
1.0886
2.5108
1.3991
1.4354
1.7993
0.9938
-1.1319
1.3525
-0.8088
-0.2795
-1.2588
1.8143
0.6771
1.0446
-1.0785
0.5807
-0.8704
0.0888
1.6751
-3.2125
1.1471
-0.6525
0.1346
-0.7007
1.0402
0.0878
0.4203
-1.6747
-2.5614
0.7687
-0.1071
-1.0387
-0.8962
-0.1807
-0.3496
-0.9882
1.0432
0.092
-0.5228
0.0502
0.159
-0.5756
0.369
1.5249
1.3911
0.3252
-0.2002
-0.4713
0.3467
0.9153
-0.1361
1.0829
-0.0578
-0.6385
-1.0027
1.1977
-0.1294
-0.8295
0.5802
0.7407
-0.6386
0.3755
-0.5993
0.2343
0.2778
-0.9118
0.1778
1.6441
0.7571
-0.4805
0.2031
0.1433
-0.6791
0.4046
0.0741
1.3556
1.1703
0.7302
1.1553
-0.599
0.3374
1.0006
0.6045
-1.6645
0.8943
2.6428
-0.1064
1.9708
-1.1325
0.1591
-1.3207
-0.6836
0.8408
0.2846
-0.6879
0.2159
-2.7746
-0.6053
-0.2412
-1.452
-0.4306
0.0979
-1.5195
1.0865
0.5203
0.5202
0.3823
-0.8257
1.2023
-0.5748
-1.2091
-1.0697
0.2966
0.9668
0.906
-1.1277
0.9596
1.6272
0.0658
0.2193
-0.5139
1.1316
0.3746
-1.7755
-0.167
-0.5995
0.7088
0.527
-0.4584
1.586
1.75
-0.3729
0.3132
0.1903
0.6945
0.3448
-0.937
-0.3113
-1.5129
-0.2721
-2.3435
2.6671
-1.5244
-0.7677
0.7466
0.247
-0.4485
0.2248
-0.5283
0.399
-1.0774
-0.0027
-0.865
-1.8955
-0.3883
1.0432
0.2207
0.62
1.1546
0.908
0.1605
1.3493
-1.6414
-0.2977
1.3883
0.248
0.0865
-0.4145
0.3921
-1.1893
0.4063
-1.5749
0.5602
-1.4622
-0.0354
-1.3381
-0.3755
1.9999
1.0777
-0.7399
-0.3546
-1.1023
-0.7785
-0.2242
-2.0287
0.5893
-0.7406
-1.1422
0.9216
-0.6137
-1.1716
-0.8285
-0.5927
-0.3581
-0.9755
0.6283
0.3235
-0.2704
0.5072
-0.204
-1.4765
1.0347
1.0283
2.0582
-0.3812
0.4086
1.0666
-1.5666
0.8488
2.2256
-0.0807
0.3057
0.2172
1.1015
1.83
-0.1989
0.0128
-0.5402
0.5695
-1.0596
-0.6532
-0.3675
-0.1066
0.6879
0.9103
0.8838
0.8018
0.6732
0.862
0.0509
-0.2366
1.7404
0.7336
-0.2628
-0.586
1.123
0.8196
-1.1623
-2.3809
0.5093
-0.7057
1.1919
0.3006
-1.9947
-0.6478
-0.6572
-1.2559
0.1161
-1.13
0.3016
-1.2944
-0.0341
-1.5484
-1.5046
-1.0802
0.1119
0.3686
-0.0048
1.2974
0.8686
0.7107
-1.8593
0.3604
0.4896
1.4835
-1.005
1.1087
-1.0735
0.9545
0.8957
-1.1446
1.1443
0.8275
-0.586
-1.7867
-0.6288
1.0831
0.9552
-0.2647
0.142
-0.1104
-1.1265
-0.8552
1.5744
-0.1448
0.0953
-0.8295
0.3552
-0.4329
-0.5477
1.3079
0.4879
-0.5061
-0.7083
-0.8791
-1.0753
0.49
-0.7718
-0.8007
1.0575
-1.0083
0.3215
1.4959
0.5446
-1.0193
0.5752
0.897
-1.4345
0.9255
1.049
0.1218
-0.3428
1.0587
-0.7752
0.9381
0.855
0.0409
1.2596
1.7689
0.7997
2.0556
2.1045
1.1223
-0.644
1.359
0.8204
-2.1844
-0.3474
-0.3625
0.2187
0.8747
-0.8809
0.5487
-0.4807
-0.2781
0.8536
2.6956
-1.7789
-0.4938
-0.571
0.3936
1.06
0.5594
0.3121
-0.8127
-0.9177
-0.9726
1.1418
-2.2128
-0.1729
-1.1917
0.6329
-0.8383
0.2236
-1.7237
-1.1145
-0.2105
-1.7217
0.298
-0.0442
0.6815
0.2233
0.1571
0.6063
0.1149
-0.4094
0.0261
0.2142
-0.9852
-0.419
-1.1425
0.8966
0.7086
0.9616
-1.3988
1.0824
-0.1125
-0.0084
-0.2745
0.2512
0.4156
-1.5037
-0.717
0.9108
-1.0783
-0.1183
-0.7386
0.0966
-1.6219
-0.5041
1.9179
1.4937
1.0125
-1.5854
0.8625
0.1628
-0.0206
-0.4784
-1.3127
-0.3358
0.8964
-0.6672
1.8953
-0.3717
1.6491
-0.1714
-0.3784
0.3242
1.2566
-0.3632
0.4959
-0.9568
-0.1753
1.4323
-0.8676
-0.763
0.9248
1.3846
-0.373
0.1475
0.1481
1.3067
0.8049
0.435
-1.1716
-0.1217
0.9736
-0.1234
0.5606
-0.3231
1.2957
-0.8144
0.3461
-1.512
1.0576
0.7958
-0.5296
0.8645
0.0157
-0.8345
0.2814
-0.6506
1.2324
-1.0483
0.4983
-0.0924
0.3714
-0.389
0.3782
-0.6186
-0.0426
0.5435
0.6514
-0.077
0.9107
2.1546
1.5019
0.5738
0.4823
1.1742
1.011
0.8606
1.0774
1.2259
1.1414
0.7624
-0.82
-1.8498
-1.1316
1.2024
-1.0684
0.1012
1.7625
-1.3307
0.4172
0.6604
-0.5394
1.0122
0.4843
0.5366
-0.1711
-0.2039
0.4576
-0.9643
-0.567
0.3872
1.2195
0.4326
-0.0094
-1.1148
-2.37
1.0443
0.3842
0.5431
0.4503
-1.3275
0.5719
-0.9209
1.514
0.4488
-0.2307
-0.5152
0.0009
-0.9054
0.2218
-0.8775
-0.0046
1.5554
0.3188
0.2022
-0.3613
-0.8211
0.5034
-0.5241
-0.6665
0.015
-0.5965
0.3481
0.8837
-0.4271
0.7268
-0.5604
-0.0087
2.1587
1.506
-1.5757
-2.0486
-0.2287
0.2245
-0.2683
1.7178
-0.5912
-0.7971
0.4736
1.447
0.0521
-0.164
-0.456
0.3901
0.1471
-0.3811
-0.2286
-1.2821
-0.1435
1.3037
-1.2424
-2.0341
-0.42
-0.2335
1.2149
-2.4877
1.5373
-0.1802
-0.2734
0.0
-0.8198
0.4099
-1.5167
0.4923
-0.4425
0.1458
1.0667
-1.4643
-0.2819
0.2365
-1.1268
0.5119
0.3452
-0.65
-1.0821
1.1942
-1.3695
1.3015
-0.5311
-1.8847
-0.2617
0.2087
0.5377
0.4727
-0.0924
-0.707
-0.0526
0.3386
0.5343
0.0615
-1.3651
0.9088
0.2334
-1.3566
1.3197
0.5122
0.4775
0.1644
0.1101
0.6625
0.9013
-2.1209
-0.9995
1.2832
0.0565
-1.1016
0.2567
0.423
-0.3011
0.1259
-1.1336
-0.2528
-0.3468
-0.685
0.4271
-0.4341
1.1338
-0.318
-0.5762
-2.1349
-0.213
0.1271
1.8455
0.1541
-0.4301
1.0479
0.0131
0.4118
0.8413
0.6586
-1.1046
1.0345
-0.3212
-0.0841
-1.1292
0.5584
0.7376
0.1781
-0.9837
0.2203
0.0629
-0.6537
-1.5744
-0.1241
0.3407
0.4395
-0.1591
0.9982
-0.6885
0.3074
1.4121
0.5802
-1.3671
-0.4253
0.078
-0.8559
-0.689
0.2142
-2.0088
1.0273
0.7725
0.6214
-1.2024
-0.1118
0.2307
0.0331
0.3251
0.1233
-0.124
0.3234
-2.1193
1.9711
-0.1847
0.1605
0.5857
1.3986
-1.6178
0.6918
-1.2281
-0.069
0.6351
1.094
0.4228
0.1794
-1.4443
0.0178
0.205
1.0015
-0.204
-0.4584
0.6946
-1.0041
-0.955
0.7303
0.5826
-0.2672
0.714
-0.7809
1.0465
0.4926
-2.0888
-0.471
0.0861
-0.5239
0.7521
0.9638
0.9806
0.0006
1.5936
-0.9801
-0.2773
-1.546
0.0272
0.1317
0.5535
-0.3881
-0.1397
-0.7561
-0.4188
0.7809
0.3267
0.7074
-0.2685
1.8357
0.4409
1.1613
-1.9222
0.888
0.7369
-2.5641
-0.8716
-0.779
1.0387
-0.6905
1.5517
-0.1656
-0.0913
1.974
0.5045
-0.2096
2.1218
-0.9933
0.6956
0.1522
-0.5526
0.638
-1.2684
-0.4756
0.441
1.3865
0.2726
0.1773
0.4837
1.3552
-0.4854
-1.3194
2.3402
1.7389
-0.7027
0.5404
0.4822
-0.4083
0.6328
0.4443
-1.0244
-0.1511
-0.193
0.1751
-0.7471
-0.6207
-0.0637
-0.339
-0.8018
-0.9457
-1.5901
0.4447
0.1274
-0.0283
-0.4445
-0.7549
0.4235
0.0957
0.2673
0.6366
0.3253
0.7101
-0.091
-0.396
-0.786
0.0083
-0.615
1.4132
-0.5155
-1.6514
1.8449
-0.7765
0.2575
0.7387
-2.0507
-0.464
0.2921
-0.0214
0.6973
0.4982
-0.3366
0.0194
-0.2261
-0.7509
-1.2819
0.7885
-1.3976
-0.9954
0.6665
1.2264
1.3204
-0.026
1.4328
-1.213
-0.5775
-1.4576
0.1501
-0.0382
-0.0954
-0.1491
0.1325
-1.8673
-0.2609
1.5132
-0.1226
0.7975
1.5339
-0.2869
-0.104
1.034
-0.4245
-1.8107
0.63
-0.0251
-0.0276
0.4951
0.1853
0.0845
-0.3793
-0.2759
0.3163
-0.3755
1.0311
0.6443
-0.0146
0.9277
-0.5734
0.1282
-0.2441
-1.4437
0.5816
-0.3393
0.2125
-1.4191
-0.7732
-0.0409
1.7609
0.6334
-1.2946
0.4636
0.7507
0.4355
-1.978
-0.004
0.9978
-1.0127
0.2471
-0.7895
-0.2694
0.4235
1.1656
-1.2831
0.57
-0.306
1.8311
-1.4536
1.1388
0.1405
-1.0744
-0.2828
-1.6583
2.006
1.2086
-0.8233
-0.4752
-0.2966
0.9756
-0.4
-0.8331
1.3995
-0.5848
0.6279
1.6397
0.1294
-0.8136
-0.2842
-0.3034
-1.4075
-0.1154
0.9438
-0.6905
-1.2219
-0.3844
-0.1461
-0.5227
1.1002
0.6978
-1.6282
-2.2067
0.9751
1.1045
-0.5643
0.0835
0.6462
1.6068
-0.5105
-1.5279
2.1105
-0.6008
-0.34
-1.6935
-0.7588
-0.5711
0.863
-0.3507
0.0401
-0.1875
-0.1117
-0.0849
-1.7657
-1.6228
-0.6259
0.3788
0.3547
-0.3309
-0.2088
-0.509
2.0272
0.2013
-0.3556
1.5206
-0.759
-0.4328
0.1212
0.8193
0.9899
0.0521
1.1902
0.1817
-0.268
1.4477
1.0008
-0.741
-0.4184
0.2523
0.9272
0.7744
1.3936
-1.2484
1.3981
-1.2666
-0.444
-1.9789
0.177
-0.3151
0.1945
-0.0638
-1.2349
-0.0591
0.7471
1.0154
-1.2426
0.7461
0.9874
-0.8269
-0.1635
-1.3691
-0.7751
3.0216
0.1462
-0.3218
0.3257
2.2457
-1.6799
0.3342
0.0755
0.6013
-0.7063
-0.0551
-0.0796
-0.4335
0.9544
-0.3118
0.1201
-0.9721
-1.0045
0.3597
1.6196
0.3426
-0.7659
0.962
1.1359
-0.2178
-0.3615
-0.6188
0.1677
-1.581
1.0743
-1.2508
-0.2826
-0.4248
0.6973
0.3559
-0.7825
0.6016
-0.6755
1.9728
-0.6616
1.2534
1.5122
-0.0694
1.7846
0.2345
-2.419
-0.9365
-2.1975
-0.3965
1.5337
1.143
1.2282
-0.6164
-1.0855
0.3293
-0.2234
-0.0412
0.9831
1.6106
1.2693
-0.3136
-0.192
-0.5141
0.3297
0.5353
-1.1868
0.1573
0.3664
0.7964
0.6462
-0.4456
-0.8449
1.0651
-0.5075
-1.988
0.7866
-1.3689
-2.6275
1.7473
0.338
-1.083
0.5895
-1.8213
-0.0079
1.2886
0.3733
0.0429
1.4272
0.2804
-0.7166
0.1492
-0.7012
0.4078
-0.3702
1.4183
1.2042
0.4631
0.4478
-0.43
1.4363
-0.4225
0.8365
0.3188
0.8206
-1.7948
-0.2798
-0.2516
0.788
0.6489
-1.0251
-0.1936
-0.4217
2.1584
1.4513
-1.0313
-0.113
-0.1655
0.3287
0.6571
-1.0328
-0.9942
-1.8262
0.1533
-1.6988
-1.1239
-0.262
-0.652
-1.8551
-0.5159
-1.8246
-1.1962
0.8078
0.8648
0.7761
-1.205
-1.3812
2.9385
0.969
0.1681
-0.15
-0.7077
0.1544
-0.9321
-1.1948
0.8328
-1.0339
-0.1259
-1.642
-0.7166
-0.4752
-0.4816
0.1926
0.3643
1.505
-0.6404
-0.1507
-1.7406
0.9478
1.1917
-0.3588
0.8384
0.2671
-0.4418
-1.4683
0.6535
-0.2558
0.4579
-1.9475
-0.3608
0.4746
0.7296
-1.1977
-1.3403
1.8866
-1.4809
-0.7325
-0.8895
-0.5829
-0.9295
1.6019
-1.1923
0.0354
-0.7075
-0.8976
1.2038
-0.4836
1.8405
0.3849
1.1503
0.8321
-1.083
-0.0818
-0.5974
1.119
0.3438
-0.3794
0.2807
0.1079
-0.779
0.7252
-1.6926
0.3604
0.8489
-2.2028
1.4049
-1.4142
0.1752
-1.8372
0.3016
0.1197
0.3281
-1.7879
0.6087
-0.3393
-0.7487
-0.5223
-1.3989
-0.0469
-0.0537
0.2541
-1.5209
-0.7802
0.1057
0.3974
0.0646
-0.9933
-1.7287
1.4656
-0.3112
2.0241
-0.9658
0.6716
-0.3596
0.5898
-2.3675
-0.6703
0.4247
0.2883
0.2478
-0.0446
-1.1303
-1.9451
-0.4296
-1.0509
0.7824
-1.2276
-0.5409
0.2076
1.1941
-0.0025
1.0521
0.5632
1.7614
0.7007
0.4173
0.4867
-0.777
1.0408
0.1325
0.0676
-0.1718
1.2886
1.4236
0.1638
0.7896
1.2794
-0.5181
0.2571
0.3476
-0.1126
0.5406
0.8807
-0.4858
-0.2707
0.1851
-0.3536
0.7047
0.2769
1.006
-3.0282
1.121
-1.0263
0.4032
-1.5691
0.7936
-0.2702
1.8954
-0.8654
-0.1411
0.2335
-0.6138
-1.8142
-0.2591
1.2127
1.5813
-0.2847
0.1048
0.2727
-1.1881
-0.8975
1.3769
0.6143
-1.5402
-0.4364
1.1688
-0.3707
0.5801
0.8153
-0.2089
0.3637
-1.6179
-0.2035
0.2201
2.0534
1.2531
2.1882
0.6854
1.082
0.6129
0.8748
-1.1546
0.7271
-0.9983
0.7278
0.4858
-0.0989
-0.2879
-0.0539
-0.2772
-0.2295
-0.8993
1.4679
-0.9574
0.2062
-0.9761
0.6687
0.2732
0.3356
-1.5474
-0.8239
1.9848
1.2338
0.3265
2.0609
-1.3197
-0.5864
0.4339
0.7442
-1.0064
-1.3411
-0.8712
-1.2815
-0.139
0.3332
-0.1809
0.5225
-0.2311
-0.2526
1.4702
-1.3476
0.0136
0.4504
-0.0627
0.1543
-0.2986
-1.3036
0.0909
0.3702
-0.7553
0.3682
-0.3713
0.4876
0.6941
0.403
-0.0563
-0.2277
0.5888
0.0134
-0.2835
0.973
-0.1694
-0.8201
0.7253
-1.3444
-0.5572
-0.2024
-0.8802
0.7012
-0.7157
-1.1156
-0.0376
0.6653
0.1156
0.5467
1.344
2.2561
0.0937
-3.5114
0.1847
0.1148
-0.3976
0.1845
-0.8125
-1.7263
-0.3727
0.0937
-0.1081
0.3918
0.2734
-1.4329
1.5014
1.0065
-0.6381
-1.7061
-0.549
-0.0181
0.1744
1.7101
-0.8112
0.1841
0.1535
0.637
0.5855
0.6021
-0.6944
-1.7243
1.2237
-0.0988
-0.3894
-1.8513
1.197
-0.3517
0.3922
0.9539
-0.2131
0.3004
-1.6127
-0.0878
1.5027
-1.0956
0.521
-0.69
-2.2911
-0.6472
-0.0466
-2.1236
2.6366
-0.8694
-1.3653
0.1023
0.5224
1.2326
-0.9511
-0.9239
0.6432
-1.5252
0.5409
-0.4136
1.1416
0.1087
0.1789
-0.4571
-0.7494
0.996
-0.6071
-0.9091
-1.1616
0.8238
-0.474
-1.1568
0.4516
-0.728
0.7032
0.0869
0.8528
1.3174
-0.3408
1.0893
-1.1256
-1.132
-2.3328
0.4267
0.0844
1.9681
-0.3936
0.6831
0.8242
0.1024
1.3129
-0.1682
0.2785
0.8182
-0.8429
-0.1644
1.1163
0.0749
0.4968
0.9646
-1.63
0.1577
-1.7114
0.5321
-0.0134
0.4958
-0.7892
1.8034
1.083
1.0378
-0.0719
-0.4959
0.4214
1.4106
-1.0227
-0.6596
0.1945
2.2104
-1.2767
-0.1497
-0.1993
1.8361
-1.5083
0.3556
-0.6883
0.9441
-0.9749
-0.3979
1.0969
0.0805
0.0983
-0.399
-1.613
2.0134
1.6868
-0.3241
0.085
-0.3538
1.3327
1.904
0.3609
-0.755
-0.854
-0.5912
-0.3277
-0.0775
-1.0724
1.1378
0.6122
-2.3491
0.0972
-0.0623
-0.5849
-0.4918
0.521
0.4451
-0.0253
-0.1547
1.3847
0.4005
-2.046
0.4438
1.3568
0.3082
0.5814
-1.2461
1.0416
-1.2422
-0.3644
0.7589
1.7137
0.2946
-0.2168
0.9345
-0.2485
-0.6167
0.4454
-1.075
0.6527
-0.1186
-0.6637
-1.8686
-0.8855
0.1726
-1.5047
-0.0327
-1.5751
-2.7487
-0.9297
0.4391
-0.3422
-0.117
0.1477
-0.7295
1.7097
-0.8955
-0.5463
-0.4354
-1.7195
1.9752
0.0024
-1.374
-0.735
1.8876
1.608
0.5925
0.3569
-0.2095
-1.2549
-0.9277
1.1057
-1.1181
-0.0785
-0.7485
-0.0812
0.3333
-0.165
1.7057
-0.0453
-0.8133
-0.162
-0.2712
-0.9946
0.9752
-0.187
0.0161
0.923
-0.7229
-0.3321
0.7668
-0.2053
0.4557
1.4494
-0.8626
0.2319
-2.2418
0.7533
1.1827
-0.2134
-0.2534
1.1259
1.2867
-0.3098
-0.0958
-0.9906
-0.1319
0.5438
1.297
-0.2853
1.8659
0.2325
0.3322
0.5696
-0.6368
0.8336
0.0911
-0.5654
1.6351
-0.0056
-0.7164
-0.6622
0.6721
0.3829
-0.7991
0.3603
0.0544
0.0707
0.7013
-2.2331
0.4443
-0.8739
0.7736
-0.0283
1.6973
0.0427
1.333
0.6063
-0.7657
-0.8005
-0.2371
1.3293
0.2352
-1.221
0.3537
-0.8996
0.62
-0.7854
-1.1166
-1.2943
0.9536
-0.4876
0.5618
-0.38
-0.7053
-0.322
-0.5883
-0.7668
1.3915
0.1568
1.3543
-0.2269
0.3144
-0.1753
1.6442
-0.4027
0.9586
0.3554
-0.0484
-1.4282
-0.8212
-0.7014
0.3131
-0.2777
0.1514
-0.1607
0.5766
-0.6243
-1.2544
-1.2315
0.6982
0.2397
-2.1705
-1.3901
0.3828
0.5327
-0.0174
0.8422
-1.3206
0.1338
0.4533
0.2623
0.2359
-0.3205
-1.1338
-1.2298
0.2454
1.6194
0.9693
-1.2788
-1.6206
-0.7137
-0.4149
-0.2886
0.0706
-0.2096
-3.1169
-2.344
-0.5839
0.8825
0.1479
-0.7968
-0.912
-1.1517
-0.242
-1.6864
0.517
0.6966
1.0001
-1.3023
-0.4878
0.1007
0.6728
-0.3549
0.2937
1.6722
-0.465
-0.3617
0.7253
-0.2724
0.4454
1.2212
0.7353
-0.4369
-0.3265
-0.9864
-0.55
-0.5215
0.2985
0.0534
0.7198
-0.5709
1.8441
-2.4844
-1.7108
1.5078
-0.8232
-0.0805
-0.249
0.5861
-0.4989
0.6745
0.8852
-1.8455
-0.2978
-0.3814
2.2492
-0.9313
-0.5035
-0.1123
-1.1257
-0.6581
-1.6161
-0.9657
0.5241
-0.0247
0.7532
-0.9877
-0.508
-0.8059
-0.8521
-0.1993
0.4697
-0.558
-2.2089
0.0568
-0.5098
-0.6801
0.3861
-0.4529
0.8989
2.4107
0.6854
-0.5319
0.6571
0.0005
-0.8819
-0.5552
-1.5864
1.1434
-0.42
-0.3862
-0.1369
-0.4509
0.3724
-0.0367
-1.8783
0.0243
-0.674
-1.0715
0.166
0.9447
1.9883
-0.3548
0.0955
0.1108
-0.097
-0.3029
-1.2822
-1.0302
1.3097
1.179
-2.0381
1.21
-0.4679
-2.5467
-1.1699
0.3981
1.7393
3.7752
1.8445
1.1672
0.0202
1.3158
-0.4848
-0.4611
-1.474
-0.9757
1.2149
0.1144
-1.2106
-0.2729
0.7316
0.722
2.3793
0.1168
-0.0407
-0.4776
-1.6872
-0.1145
0.6716
0.9012
0.3049
0.9767
0.3097
-0.2814
0.0178
-0.4062
-0.4887
0.2054
-0.8712
1.1392
1.4675
-1.7494
0.3571
-1.5772
0.155
1.2494
1.2229
-0.5226
0.0411
1.0053
-0.9974
0.9669
-0.9721
-0.2505
-0.8128
-0.5428
1.1658
-1.2542
-1.9983
1.5902
0.436
-0.2598
0.2257
1.1772
-1.6644
-0.3092
-0.3282
-0.0744
1.3009
-0.3853
-1.0331
-0.1903
0.6557
1.9319
-0.0404
0.6145
-0.3826
2.1271
-0.3804
0.8266
0.1994
-2.1665
-1.28
-0.8755
-1.2494
0.2318
1.1353
0.777
-0.6842
-1.0063
0.0049
-1.1467
1.6391
1.3078
-0.2186
-0.4707
0.6088
0.7204
-0.7845
1.9351
-1.4988
0.2222
-1.0367
-1.1147
0.5688
1.3137
-0.388
-1.2156
1.2592
-1.9956
1.3075
2.4899
1.226
-0.0442
1.4591
-0.3437
0.8294
1.2644
-0.0423
0.1763
0.3313
0.324
-0.2762
1.0583
1.864
-0.4724
0.3629
-0.5177
-1.2709
-0.6093
0.5231
1.3406
0.9537
0.5726
-0.5842
0.0663
-1.0828
0.6006
-1.5207
-1.5819
1.6063
-0.2262
0.7973
1.4154
0.3189
0.5045
1.9807
0.985
-0.2181
-1.809
-0.5721
0.7296
0.4646
0.023
0.4343
0.544
0.1501
-1.564
1.2073
-0.0177
-0.3949
-0.481
0.4435
0.6093
0.3216
-1.5553
0.7361
-1.2922
0.0858
-0.4164
0.2759
1.0435
-0.3695
-1.2849
-0.0863
-1.6853
0.0389
0.165
0.7169
0.066
0.9626
-0.0685
0.6762
-0.0466
-0.3997
0.1052
-0.6178
-0.0828
-0.1451
-0.3593
-1.0785
2.646
0.1009
-0.7446
-0.0131
-0.3127
1.2738
0.8992
-1.5054
0.5561
-2.8833
0.5717
-0.8973
-0.4958
-0.4725
1.9496
1.0357
0.7364
-0.1132
1.0265
-0.0532
0.3829
-0.1659
-0.0864
0.5768
-0.1656
0.4736
0.1169
-1.5126
1.3034
-0.5587
0.1835
-0.3771
0.749
0.0186
0.3893
-0.7727
-1.1927
-0.9896
0.7152
0.5586
0.5166
-1.2686
0.7371
0.7606
0.9664
0.5015
-1.1413
1.4062
0.4356
-0.1644
-0.0634
0.3231
0.5703
-1.1845
-1.491
1.1152
-1.1369
-0.6015
-0.5114
0.759
0.3967
-0.0122
-0.4813
-0.0292
-0.2568
0.0497
2.066
0.6265
-1.1762
-0.5936
1.4704
0.0779
0.7924
1.4016
1.3921
-0.253
-1.1156
0.3181
-0.1299
0.9315
0.4346
-0.5651
-1.3613
-0.1516
-2.3228
1.1565
0.5076
-1.9257
-1.1143
-1.3088
0.6624
-1.0653
0.1137
-0.1903
0.379
1.5101
-0.0706
-0.713
1.4521
0.6699
0.8533
0.8338
-1.8466
1.541
0.1661
-1.247
0.7837
1.1346
0.2133
-2.1172
-0.9592
0.8629
0.5748
0.8923
0.0097
-0.4374
-0.0555
0.6358
-0.9498
-0.8193
0.176
-0.93
0.2106
-0.808
-0.0007
-0.8178
-0.9296
1.1234
0.4034
2.4988
1.044
-1.2285
-0.4647
-0.0139
1.0318
-0.4392
0.3163
-0.1906
-2.3821
-0.0981
-0.0578
1.3503
0.8865
-1.2502
-0.3966
0.3622
-0.9848
0.2157
-0.979
-1.4146
0.5756
-0.5419
-0.9881
-0.0413
-0.8536
-0.5493
0.954
-1.2001
-0.3165
-0.0612
-0.4971
-2.3461
1.7243
-0.5388
-1.2434
-0.0998
-0.5262
0.0685
0.6241
-1.5196
0.7264
-0.3261
0.673
-0.5148
-0.7582
0.0074
-1.0144
0.183
2.0887
2.8805
-0.7228
0.083
0.3765
1.3179
-0.4126
-1.1005
0.5927
0.2878
-0.8088
-2.1151
-1.193
0.8059
-0.692
-0.9274
0.687
0.224
0.0337
-1.606
0.2579
0.5702
-1.336
0.5712
0.0272
0.3476
-0.3474
0.5247
0.4831
-1.2292
0.6418
0.0311
-0.3188
0.7901
-1.6788
-1.2875
0.6622
-2.0931
1.1147
-0.6496
-0.301
-0.5301
-0.8194
-1.7146
-1.208
0.5505
0.996
-0.2039
-1.3103
0.1022
-1.057
-0.3457
1.4551
-0.822
-1.5585
-0.566
-1.788
-1.3283
-0.6086
-0.5487
-0.046
-1.0861
-0.8993
-0.0367
0.8151
0.5496
-0.8748
-0.1733
1.5085
-1.5984
-1.4976
0.1091
-1.4629
-0.4442
0.2584
0.6904
1.0998
-0.6915
-0.0217
0.7545
0.9528
0.8046
-0.3046
0.437
-1.2789
0.3576
-0.7482
-0.2287
0.3516
0.4146
1.1793
-1.4121
0.2078
-0.5201
-0.5252
0.6884
1.7018
-0.679
-0.5559
-0.8495
-0.4465
-0.6587
1.7269
0.2572
-1.4053
0.1207
-0.965
0.8879
-1.6855
-0.0695
-1.0095
-0.1715
-1.0595
-0.1312
-0.3214
-0.7613
1.1045
1.8619
-1.7323
0.5948
0.2778
0.4606
1.09
0.4799
-0.8574
0.2712
0.5487
1.5626
1.0295
-1.6583
0.6128
-0.8462
-0.9204
-0.3226
-0.462
1.1336
-0.4038
0.1173
0.536
0.4281
-1.0228
0.605
-0.8742
1.2474
1.27
1.7666
0.4457
-0.5826
-0.4851
-1.1483
1.2139
2.7596
-0.0151
-1.105
0.035
-0.56
-0.9578
-0.3586
-0.1436
1.5309
-1.051
-0.7898
1.2226
0.6547
0.0532
0.9504
1.3596
1.0144
-1.3212
0.7898
-1.6627
1.447
-0.7603
0.1819
-0.5375
1.663
-1.5945
-2.8646
1.6799
0.0618
-0.5193
-1.3578
2.2202
-0.3708
-1.06
0.2458
0.4445
-2.1009
-0.7637
-0.7141
0.5438
-0.7733
-0.9072
-0.0521
1.2578
0.6115
1.0325
-0.4834
-0.2051
-0.9738
-0.7212
1.134
-1.1527
0.695
-0.7538
1.6863
-0.273
0.5958
0.2325
-0.051
1.0761
-0.7257
-1.1385
-0.079
1.305
-0.1405
0.0087
-0.1795
-1.4253
1.7714
-0.2161
-2.215
-0.9554
-0.0104
-0.1871
2.7011
-0.0631
0.3237
-0.079
-1.1166
1.2514
0.8821
0.1795
0.4318
0.6405
0.3326
1.4007
-0.786
1.9602
0.4626
0.154
0.9564
-0.9692
1.4527
1.2741
2.0738
0.6657
-1.2058
0.6668
0.0174
0.7464
-0.0011
0.496
-0.0036
0.3262
1.1523
-1.695
0.7648
1.9216
1.2267
-1.1192
0.6322
0.0228
2.0359
0.414
0.912
0.7638
-0.4063
0.8822
-0.1555
-0.1039
0.1682
-0.5452
-0.8109
1.2153
1.3921
-0.1
1.392
1.9603
0.0382
-0.8831
-0.0788
0.1665
0.3605
-0.0866
0.6874
0.9772
0.0508
1.0518
0.6494
1.074
-0.7122
-0.3554
-0.5197
1.4718
0.4053
-0.8055
1.4745
0.4001
0.5475
-1.8855
0.6732
1.8841
-1.0593
0.5082
-0.7668
-0.2726
-0.1168
0.9743
0.4715
1.6329
-1.0528
-2.8933
0.4735
-1.9099
-0.4567
-1.5484
-0.1852
0.7521
-0.2321
-0.5823
1.0788
-1.9733
-1.4732
0.146
-0.4497
0.9531
0.2625
-0.0544
-0.8716
-1.4228
0.804
0.4078
0.7659
0.1203
1.1947
-0.4129
0.6571
0.2792
0.2071
-0.6928
0.9794
-0.2083
-1.5551
2.1864
-1.0194
-1.4157
-0.3184
0.7466
-0.1028
1.9143
-0.2368
-2.0851
0.8109
0.7909
0.8409
1.0953
0.3793
-0.3526
1.2794
0.9167
1.4041
2.1604
-0.208
-0.3041
-0.6606
-0.6782
2.4026
0.8583
0.7004
1.2308
1.3189
-0.076
0.4491
-0.7977
0.0293
0.6425
0.8261
-1.2707
0.7437
-1.6873
0.8269
-0.3151
-0.9105
0.3835
1.1259
-0.4557
-0.5112
0.4064
-0.3279
0.5908
0.0262
-0.6003
-0.8888
-1.5275
-1.3013
0.8178
1.5199
0.7311
-1.3658
-0.0552
1.6396
-0.1353
-0.5326
-0.8149
2.0242
0.7898
-0.7986
0.0256
0.6699
0.8048
-0.3955
-1.6045
1.229
-0.1281
-0.7367
-0.5915
-0.2377
0.5929
-0.3061
0.8256
0.0403
0.0822
1.2992
-1.3273
-1.4897
0.3598
-0.0342
-0.4393
0.5875
-0.3683
1.1327
0.5721
-0.5193
-0.3428
-0.8099
1.2324
1.7099
1.397
-1.3697
-0.2143
-1.5242
-0.9772
1.0519
-0.8795
0.7886
-0.3819
0.1827
-1.5085
-0.4937
0.4273
0.6156
-0.1115
1.1013
-0.2315
1.0295
0.7441
-1.6639
-0.4312
-0.6984
-0.9692
0.4232
0.25
-0.6068
1.2198
0.9398
-1.3064
-1.6238
1.3188
-0.7494
-1.0023
-1.1741
0.7898
-0.2316
0.747
-0.3094
-0.2572
0.7966
-0.6051
1.7995
-0.004
-0.6728
0.6625
0.5952
0.016
-1.5085
-0.6931
-0.9133
-0.5486
1.5771
0.696
-0.1088
0.1235
0.5822
0.0116
-0.0609
-1.5162
-1.5177
-1.487
0.4475
-1.4036
-1.1624
1.8546
0.6102
-0.3143
0.717
0.9073
-2.2814
0.2462
0.3606
-0.237
1.3098
-0.9496
0.9652
-0.1316
1.5822
0.3356
0.6577
0.6672
0.0722
1.3416
-2.5042
0.6549
-0.1047
-0.2393
-0.3231
-0.0864
-0.0185
-1.1053
-0.0035
1.4436
0.6827
0.007
0.9479
0.4708
-1.1044
-1.1181
0.4502
1.0033
-1.1839
1.4064
0.0275
0.3616
0.4711
-0.7458
-1.0628
0.3834
0.9314
-1.869
-0.3701
0.3497
0.5532
0.3723
-1.7021
-0.8192
-0.9235
-1.3917
0.0028
-1.2659
-1.654
1.4829
-1.2428
-0.2198
-0.7709
1.332
-0.0117
-1.689
-0.3666
2.0443
1.5771
1.1397
-0.2374
-0.1279
-0.8864
0.5545
0.9415
-1.4961
0.1947
-0.5647
-0.7276
0.3843
0.5476
-0.2453
-0.7922
-0.0696
0.4031
-0.1204
0.2341
0.3108
-1.9672
-1.2252
0.4964
-1.4549
1.1486
-1.6198
-1.5382
-0.1672
-0.962
1.9783
-0.5956
-0.2221
0.2505
0.2662
0.0198
-1.421
-0.6759
-2.6367
-0.0854
0.567
-1.9195
-0.0404
-1.1463
-1.5461
0.8521
-1.9135
-1.2983
-0.0335
-0.0068
0.7888
0.595
0.7454
0.1009
0.0209
0.2085
0.2539
-0.4642
-2.2181
1.1813
-0.5291
0.4816
-0.3048
1.2721
0.401
-0.2602
-1.1916
0.2158
-1.0522
-0.1204
-1.1894
-1.4211
-0.2779
-0.978
0.39
-1.1497
1.7958
0.8099
0.9312
0.8958
-0.9912
-1.126
-0.4231
-1.686
0.5856
-0.2612
-0.4516
-1.6622
-0.6136
-1.3143
1.276
-1.3498
2.8363
0.2242
0.0541
0.2826
-0.4686
-1.0266
0.5007
-1.0058
0.4773
1.0495
0.0569
0.1053
-0.0327
1.3293
-1.526
0.8106
-0.2904
0.0474
-0.6374
0.6857
-0.5893
-1.3356
-0.3444
-0.2968
-0.9206
0.1933
0.8649
-0.8662
0.2949
-1.0207
-0.9296
1.5431
-0.2522
-0.2313
1.0506
-0.2861
0.3084
-0.1658
0.4226
0.5492
0.6035
-0.2058
-1.4594
1.7111
0.9869
0.5886
-1.1595
-0.1969
-0.8287
-1.8943
-0.2725
-1.9313
0.083
0.0622
0.1211
-0.1428
0.97
-0.1814
1.3964
0.1942
-0.4184
-0.9265
-0.5206
-2.5015
-0.9076
0.9871
1.6535
0.4792
1.2789
-1.7686
0.3286
0.3987
-1.3295
-1.2276
0.6802
0.2662
-0.5775
-1.3121
-0.3441
0.1555
0.4054
-0.5037
-0.0332
-0.5886
0.2237
-0.317
-0.9242
1.8288
1.2634
-0.8476
-2.1636
-0.7553
0.9172
-0.6292
0.6652
-1.2212
-1.5315
-0.0372
-0.718
-1.4999
-1.0173
-1.0803
-0.3396
1.273
1.1935
-0.1316
1.289
0.2948
-1.2868
-1.5112
1.4467
2.0371
-2.1978
0.342
0.8217
-1.1012
0.0435
0.3991
0.5241
0.7322
0.1952
-0.9623
-0.2214
0.0813
-0.2896
0.4342
2.3638
0.1667
0.0012
-1.2336
-0.5344
0.1496
1.491
-0.1384
-0.6428
0.2291
-0.2178
1.2831
0.0369
-0.2846
0.5838
-0.2953
-0.8322
-1.3385
-1.458
1.7398
-0.6476
-1.5935
-0.5214
-1.9133
-0.3292
-0.4764
1.1048
0.6281
-0.7641
0.6409
1.78
-0.4137
-1.2697
0.6099
1.0365
0.2737
0.0929
-0.9664
0.1847
2.2761
0.778
0.4568
2.0669
0.4154
0.4652
0.7926
-0.1245
0.8116
-0.1716
0.9548
-0.2936
-0.7163
-0.8008
-1.3196
-0.5639
0.2167
0.3119
-0.3276
2.1115
-0.9258
1.6268
0.3268
0.5835
-0.6905
0.3251
-2.8074
-2.0999
-0.3169
-1.6642
-0.6439
2.0692
-1.0982
-0.7321
-0.5026
0.8943
0.0512
0.7631
1.5541
-0.1876
-1.078
1.0257
0.5419
-3.0726
-0.5227
1.1173
1.0835
1.3535
0.4388
0.0906
1.3625
-0.3263
-0.2504
-1.6151
-1.2653
1.1189
-0.6438
0.9273
1.0296
1.987
-2.1391
-0.4019
0.1919
0.6556
-0.1977
1.0417
-1.4353
0.7461
0.9108
-1.8089
0.1249
0.6829
0.9106
1.0955
-0.8139
0.3158
-0.5416
-0.018
-1.0111
1.0519
-2.5154
1.0884
-0.6533
0.8266
1.3406
0.9774
2.7002
2.0746
-0.8639
-1.2132
1.1399
0.1826
1.6597
-0.2214
0.2053
-0.1978
-0.1795
1.0753
0.1023
1.0788
-2.2219
-0.9203
0.4207
-0.9023
-0.9947
-1.0214
-0.447
-0.506
-0.3321
0.7166
-1.3703
-1.2593
-0.7896
0.7258
2.0015
0.57
-0.0726
-0.0762
-1.0594
-0.7743
-0.8768
-0.832
0.4445
0.0682
-3.6313
-2.0722
-1.7108
-0.304
0.3516
2.255
-0.4272
-1.5853
-0.2593
1.0255
-1.2201
-0.3644
1.3332
-1.4902
0.2516
0.9702
0.5142
-0.3931
1.9541
-0.3458
0.8653
-1.6964
-1.0
1.3488
-1.4158
-0.4161
1.0146
-0.7126
0.3377
0.6482
-1.5401
-0.4091
0.6493
0.2901
-0.303
0.7291
-1.3169
1.8607
-0.9359
-0.1758
0.4917
-1.5334
1.6126
-0.9688
0.5855
0.3749
0.0017
0.2246
3.5461
0.6584
-1.0023
0.3587
0.5795
1.9084
-0.8708
-0.7409
1.4948
0.5116
-1.9281
-0.6404
2.0281
1.2677
0.5886
0.7626
0.3285
-0.4911
1.3741
-0.4492
-0.6561
0.0141
-1.6157
-0.0965
0.0211
-0.5069
-1.0889
-0.0749
-0.5328
0.4139
1.4503
0.2715
-1.0917
2.3051
0.4294
0.8455
-0.8917
0.0047
-2.3273
0.7426
-1.9298
-0.4866
0.1885
0.4876
0.0838
1.9016
-0.5005
1.0351
-0.035
-0.7167
1.4111
2.6537
-0.0325
-1.1678
-0.5272
-1.5235
1.8792
-0.3775
0.3029
1.9412
1.5517
-0.7617
-1.4131
1.4871
-0.2086
-0.4237
1.3074
-0.9322
-0.1283
-0.2051
0.541
0.4916
-0.6951
-0.0764
-0.6292
0.7581
0.998
-0.1067
0.0061
-0.9852
1.0701
-0.2043
1.7614
-0.4725
-0.9744
-0.1664
-0.3435
-0.7132
-1.9781
-1.7367
-1.9251
-0.8373
-0.6868
-0.7738
-0.1694
0.0489
-2.5644
-0.1963
0.8756
-1.5845
-0.9149
0.5497
-0.2228
-1.4531
-0.4745
-0.5196
1.7219
-0.5291
1.4168
-0.6661
0.5958
1.4473
0.2788
1.6316
-0.4775
-0.2972
-1.4447
-0.1296
-1.2095
0.854
-0.6722
0.4315
1.4826
-0.7134
-0.2953
-0.6335
0.277
-0.7191
-0.0568
-0.8235
-0.6097
0.3562
1.2942
0.7478
1.9961
-0.5841
-0.6042
-1.2761
1.4643
0.6548
-1.3952
-1.0017
-0.2878
0.5262
0.7991
1.6958
-0.9912
-1.3433
-0.8242
-0.0109
0.1733
1.2562
-0.9737
0.3192
-0.7755
0.104
0.4031
1.543
0.0416
-0.1059
-1.1106
-1.4854
-1.2575
-0.3064
1.0094
-0.6991
0.2279
-0.1617
-0.2336
0.3107
-0.1095
0.6436
1.1112
-0.054
0.8719
-0.2489
0.2904
0.8089
-0.0157
0.1565
1.9114
-1.0448
0.8112
-0.5965
0.062
1.0727
1.1447
0.5141
-0.9654
-0.5577
-0.7269
0.2085
-0.1638
0.4446
1.5036
-0.2784
1.1731
-0.1731
1.3533
0.7992
-0.6487
-0.1209
1.0075
0.3634
1.9437
-0.6513
0.1762
-1.0643
0.5603
1.1379
-0.2497
1.118
-1.558
-1.3703
-0.9589
0.8188
0.455
-0.4778
-0.1376
0.0098
1.6136
-0.0287
0.6189
1.2055
-2.2632
-1.0442
0.6872
0.4655
-1.3386
0.5194
0.7396
-1.5092
-1.4199
0.3021
0.0141
1.967
1.5262
0.1767
-4.1513
0.2367
-0.2127
0.7077
0.9799
-0.4271
0.3923
-0.9908
0.1838
0.2003
-0.1849
-0.8257
0.5848
-0.3494
1.3332
-1.6424
-1.5139
0.1153
-1.9073
-1.3851
-0.1448
-0.1104
0.6654
-1.5636
0.0208
-1.0634
-0.5344
0.7536
0.0563
-1.0983
0.2112
-0.2438
-1.2777
-0.5232
-0.008
0.5521
-0.0173
0.6617
-0.8403
0.9553
-1.1517
-0.0212
0.3859
0.1857
-2.5472
-1.4432
-0.4431
-1.9013
0.0398
-0.6778
1.7214
-0.477
1.0225
0.5498
-0.9812
-2.1355
-1.1274
-0.2991
-0.9883
-1.0658
0.4563
-0.0229
-0.0793
-0.0804
-1.084
1.6469
0.2974
1.2463
-1.4659
1.6608
1.4484
-0.1518
0.9233
-0.6734
0.2891
-1.4834
0.0314
0.5965
0.8915
0.6917
1.2505
-0.1694
1.4664
0.1687
-0.3113
0.8937
0.6642
0.3053
-3.3522
0.2967
1.1913
1.4265
0.705
-0.9432
-0.7126
-0.3083
-0.1503
-0.2946
0.4563
0.0523
-0.3018
0.0009
-0.8477
-1.0115
3.1089
-1.0719
0.0759
-0.1703
-0.8645
1.3566
0.7812
0.5754
1.244
0.4933
-1.3691
-0.1943
-0.1857
0.4681
1.0473
0.9206
0.9375
0.0676
-1.0406
0.1019
0.06
-0.2482
-0.6997
-0.052
-0.8636
-0.4134
0.6833
-0.2185
1.0789
1.0688
-0.5987
2.3899
0.7065
-2.6424
-0.3646
-0.4901
-0.5112
-0.0168
0.228
0.5314
-0.1608
0.1274
0.5419
0.022
-0.0283
1.0455
1.0834
1.5681
1.2228
-1.7795
-2.4298
-2.357
-0.357
0.9182
-0.9091
0.808
-0.4184
-1.145
0.2627
0.4117
-0.2925
-1.8024
1.0031
-0.7798
-0.8273
0.2446
-1.425
0.7144
0.8765
0.9501
-1.3594
0.1542
-0.9701
-0.7439
-1.0807
-0.3098
0.1982
1.3153
-0.3991
0.5669
-2.0487
1.0555
-0.2662
-2.0086
0.7356
-0.1281
1.2432
0.6875
-0.2527
-0.3182
-0.8676
1.3206
-0.9365
-1.2115
0.0921
0.9331
1.3132
-0.7796
1.0072
1.1008
0.361
0.482
0.2134
-0.4571
-0.202
-1.4845
-0.2444
-0.4117
0.048
-2.6077
1.0873
0.2947
-1.451
1.0257
0.3204
-0.9306
-0.4285
0.3347
1.1335
0.107
-0.4592
-0.33
0.4085
-0.6724
0.3405
-1.7857
-0.3207
-1.0151
-0.7444
0.7162
-1.2708
-1.5301
1.2879
0.1843
0.2188
-0.5945
-0.5418
0.0179
1.6722
-2.1772
0.2299
1.9631
-1.9382
-1.3367
0.354
0.3138
-0.3066
1.0344
-1.7704
-0.083
-0.2216
-1.7757
0.5341
-0.9988
0.4734
1.3742
-0.151
0.8103
-1.2589
-0.5977
-0.817
-0.3374
-0.3766
1.4216
0.6445
-1.7322
-0.5094
-0.7311
1.4733
-0.577
0.2106
-0.9852
0.2571
0.3969
-0.6835
-0.2052
0.6041
-1.3796
3.0677
1.8553
-0.3798
0.7686
0.5371
-0.9835
0.7135
0.0501
1.6239
0.2961
1.2828
-0.8387
0.5362
1.7608
0.0369
0.7258
-0.3624
-2.6785
1.5851
-0.3405
-0.0896
-0.5783
0.5238
-0.6432
0.1103
-0.183
-0.175
-0.1102
0.512
0.0154
-1.576
-0.3516
0.7466
-0.4563
-0.7545
-0.3781
-1.697
0.6806
-0.8347
0.9797
2.0871
-0.936
-0.1775
0.9186
2.203
1.1692
0.4727
0.4308
-0.488
-0.3695
0.1436
0.1763
1.3526
-0.7629
1.3298
-1.4186
-0.8917
-0.5248
-1.5432
-0.9691
0.3284
-0.0312
1.0189
-1.0277
-0.7434
0.9186
-0.8058
-0.4658
-0.803
-1.1495
0.5923
1.1417
0.9086
-0.0964
1.3357
-0.0144
-0.0645
0.6315
1.6938
1.2375
-0.4652
-0.3319
0.3698
-0.4714
1.5048
1.0005
-0.5443
0.3751
-0.1386
0.9209
0.2513
-0.2888
-0.6584
0.4876
0.441
0.0676
-1.019
0.8296
0.8208
2.3996
-2.3556
-1.3944
-0.169
0.8195
0.2585
-0.308
0.2793
-1.0381
1.1682
-1.0185
0.9246
-1.8898
0.5818
2.5844
2.3124
-1.2311
-0.1329
0.7231
0.3278
1.0097
-0.1931
0.7381
-1.7645
0.516
0.0424
0.7834
-1.3644
-1.0685
-1.4713
0.7304
0.5537
0.3296
-1.2374
0.4832
0.8948
-0.3549
-0.5007
0.9614
-0.9493
0.6966
-0.6691
1.5378
-0.4632
-0.4319
-0.6472
0.1378
2.377
-0.1241
-0.6192
0.4422
-1.0096
1.1983
0.3831
0.6618
0.7379
1.232
0.5512
-0.4978
0.3112
0.8226
-0.6222
0.0661
-1.5818
-1.1128
0.0362
0.0203
-0.0524
-0.3017
-0.246
-1.2633
-0.3372
0.7711
-0.8176
0.3088
0.2566
1.1244
0.6376
0.2981
0.6133
0.6001
0.5479
0.9597
-1.5049
-1.3946
1.9095
2.5987
2.2073
0.5561
-0.5851
-0.33
2.7424
1.2693
-0.5498
-1.415
-1.8026
2.6616
1.6016
0.9218
-0.5611
-0.5017
0.7137
-0.7158
2.0916
-0.3362
-0.0878
-0.4148
0.9875
-0.4783
0.1174
-0.2011
1.1014
0.5193
1.1697
-1.8565
0.5279
0.7003
0.5679
0.2961
-1.5906
1.3205
-1.359
-1.3341
-0.0547
-0.091
-0.9228
-0.0282
0.4983
1.3127
-0.5701
0.8051
-0.3697
0.7722
-0.2628
0.6031
-0.898
-1.1637
0.1819
-1.682
0.1404
0.9938
0.0144
0.0293
-0.0842
0.3554
-0.9022
0.9879
1.6466
0.6872
-0.3712
-1.197
-0.0855
0.896
-0.4372
0.0132
-0.6441
1.1105
-0.779
