3.201
8.8526
5.0178
5.6243
0.9303
1.4998
3.2561
4.8164
3.9733
0.561
1.1118
6.6652
4.1975
7.8842
0.7126
9.7103
4.346
1.3746
3.5752
2.9596
5.3944
1.4365
0.7688
7.3931
5.915
1.6051
3.3776
8.5832
5.1102
1.7304
3.2906
2.2304
1.1616
0.9475
6.2477
0.6322
4.48
6.8772
2.5404
2.0482
4.9762
2.6788
1.4973
8.1607
10.9073
5.6
2.5127
4.0975
2.1327
1.6758
8.0735
1.8723
7.4661
4.0406
5.0039
2.7293
3.3465
1.4925
0.8873
5.7705
1.1053
1.0977
16.8151
4.7521
3.777
2.7093
7.0762
1.2367
5.5918
4.8544
1.5758
4.7421
5.3589
4.4244
2.7289
2.5227
5.8467
2.9506
2.9561
1.8479
4.2566
1.6848
4.4493
3.0743
3.782
5.6765
1.1299
3.28
4.5187
0.7924
0.9656
5.2036
2.7114
0.9925
1.6917
5.7902
4.7737
2.9734
3.7726
0.3747
4.5279
1.8221
1.5126
0.2759
2.2801
0.4997
2.8469
2.2422
3.9664
2.3322
0.9503
2.364
3.2117
0.3687
1.3672
3.6478
0.2306
9.5462
3.6311
3.529
1.1161
4.1728
1.1637
5.6237
5.3789
3.6458
3.3676
3.5148
2.6118
5.5563
3.5068
3.8265
8.0989
3.2108
2.1031
3.0411
3.7633
0.7537
3.4099
5.8436
2.4184
2.7231
2.9078
7.0973
5.2861
0.8311
7.5822
3.8841
1.9623
0.6693
2.8049
0.9718
1.8008
1.8648
1.3964
2.9095
2.777
4.4234
5.3072
2.0953
3.1073
5.2865
0.9302
9.4663
2.5213
3.3303
3.222
1.8321
7.2024
4.6499
5.2222
5.8879
4.7294
0.1384
2.3232
5.489
4.7392
3.5509
4.6738
1.6037
0.6703
2.3873
1.8616
6.9114
4.2776
2.9003
1.2422
0.2796
3.8541
4.8759
3.1419
1.9552
2.0309
4.6974
3.7572
5.69
1.9994
3.1081
5.4168
6.3107
3.3888
3.0382
1.6353
12.7956
6.3224
8.5161
3.3987
0.8269
5.6623
10.1726
4.2177
4.7971
5.3566
0.6854
1.303
5.9614
4.0742
3.5086
5.125
5.2782
10.5004
1.6922
1.3096
6.0721
4.4936
4.3689
0.4873
2.473
4.0906
2.9235
6.371
2.0349
2.4261
1.9798
4.8758
9.5966
9.9885
2.5788
8.9855
2.4432
4.408
6.6915
1.2669
4.2332
0.8469
5.4104
0.3936
3.1937
3.0437
0.8905
2.2888
4.8893
6.954
7.0225
1.5532
5.3828
3.4614
0.6457
5.5366
4.9651
7.7562
2.3791
1.6211
0.6047
3.8006
1.0798
4.3877
8.6996
7.3003
8.2308
1.5452
4.4049
2.0352
1.0438
5.5264
4.3407
5.1734
5.0688
5.9628
9.2486
3.9664
2.2407
7.0979
3.1311
4.1452
9.2378
1.8827
2.4668
4.8901
6.9286
1.7634
4.6441
1.995
5.7207
5.0878
2.8752
3.8276
2.3767
0.4107
5.5914
2.9097
0.8692
5.5149
2.4958
2.8426
10.9496
6.1127
8.4005
0.186
1.0838
10.0439
9.2391
0.4502
2.3743
1.7956
2.9577
5.0893
1.7918
4.1757
3.7449
3.2051
7.2595
4.4236
5.4038
4.1351
1.6358
6.5722
3.7952
8.7304
3.6943
2.5536
2.2972
6.6049
2.9228
2.3954
7.2919
1.634
4.0841
3.433
2.0701
0.5266
0.7671
1.7731
10.8005
6.1061
2.2102
7.4182
5.2368
4.1469
8.0486
0.4783
8.0771
5.2442
2.9499
10.2969
1.5205
2.092
3.1121
4.8748
7.2965
8.6497
4.6166
1.4704
4.89
2.558
1.5984
1.6263
14.7808
3.6009
14.4876
0.9648
3.0974
3.059
0.8046
0.7309
3.33
0.436
3.0087
2.0224
2.342
6.2951
4.9352
0.6589
3.3753
3.5282
6.0787
4.0997
3.67
3.3319
1.7375
5.5795
2.9997
5.4913
2.5194
8.5597
5.6787
5.3136
1.5848
7.528
7.3258
2.6026
3.7238
1.1921
5.1076
1.4273
1.724
1.4667
1.18
1.0241
6.5305
3.2159
2.8684
2.3183
5.2558
4.3072
5.124
2.1042
3.0301
9.3008
5.6936
0.2923
1.2769
1.1148
1.9379
2.7732
8.126
3.6647
9.2836
2.6626
16.7463
2.5157
6.6051
0.3943
2.1424
3.817
2.2514
3.3901
3.4448
5.47
7.3631
2.7775
1.0641
4.9239
5.3715
1.9007
2.3345
5.475
2.2362
3.1505
4.159
5.1951
1.7334
4.4634
2.0818
10.0859
6.186
1.7789
1.1843
0.2541
4.2575
2.5066
2.0586
10.4538
7.2359
2.2276
1.3192
5.3604
6.3502
3.3205
4.8789
1.7007
1.6015
6.6107
4.0321
2.9016
0.9868
4.4163
8.0115
1.1044
1.2566
8.03
6.129
0.7924
2.7214
4.5836
1.6384
3.3501
2.7821
1.4864
3.0417
1.7897
2.3903
1.6772
7.2374
4.1152
5.2002
1.7267
2.5812
1.0787
9.5002
7.6838
2.7397
2.4776
0.5453
4.7812
4.5405
3.3628
1.6488
0.84
6.317
4.8839
3.6762
1.4481
1.4279
0.9569
3.7578
4.6964
2.056
2.7666
4.5323
2.0907
3.0204
3.8846
3.5441
1.3017
2.1763
0.379
2.3587
0.4566
1.4496
4.7422
2.4662
1.2486
4.3464
0.5643
2.9126
1.0486
1.2365
10.4235
6.1923
2.7854
1.7146
0.7781
4.0849
2.5385
4.7863
3.1622
1.6339
5.1997
2.3083
2.4942
4.7051
4.1898
5.2584
2.8332
1.2694
5.6499
5.2159
0.6227
3.5252
2.4854
10.3108
3.1096
2.3781
2.4647
2.8067
2.377
1.0748
2.3814
3.0497
6.8401
1.4063
9.6091
2.6506
5.6942
5.8025
4.4405
5.3202
2.7596
9.8981
10.2887
2.212
1.2763
2.7244
3.6412
1.1721
0.6441
1.1183
7.0087
3.4477
0.2417
1.7022
13.7578
7.2762
17.6195
3.5424
5.461
7.3397
3.258
2.6829
5.3035
5.7999
1.7419
6.3071
1.9168
5.8915
7.1458
6.0609
3.0703
3.7819
6.2379
4.5063
2.4091
5.7059
5.7711
2.1676
4.1733
0.7603
3.5711
4.9462
3.3209
2.5001
1.7784
2.9963
4.2614
2.7582
3.9345
1.3718
8.0247
12.7963
11.8221
6.1584
0.6305
6.117
5.4101
7.765
1.5223
5.1917
1.4558
3.8017
2.8975
3.8198
2.8833
2.0718
0.7689
5.2939
7.0915
1.0126
1.9549
3.7701
2.0956
4.2559
11.2123
0.2338
5.7347
2.8492
6.3224
1.6069
3.4508
4.7551
5.8619
3.7706
1.7985
5.07
3.4244
0.0943
2.6384
8.3597
0.4321
0.8797
12.0406
2.3213
2.7357
1.9058
2.8029
3.0878
4.8542
1.238
2.0334
3.638
1.3993
0.5686
2.6931
7.6008
2.9771
4.9248
6.3023
7.5608
0.2833
3.2514
1.5334
1.631
1.3433
2.6943
3.0066
3.3253
6.1544
2.271
0.9973
5.1076
0.8034
7.2277
12.9972
6.4059
7.6013
4.7353
3.1183
3.5953
1.5998
2.6025
6.532
2.9219
5.6268
5.9642
2.7421
5.3417
6.8948
2.874
3.2543
1.8278
1.4886
8.2741
0.8343
2.4869
7.2748
3.275
0.9303
2.9614
2.1067
2.905
10.085
4.644
10.9371
2.3216
6.0299
4.5775
1.4906
5.2775
7.1213
4.4698
5.015
3.8988
6.7246
5.6554
2.5908
2.426
1.8676
5.8052
0.3169
5.0793
2.3159
2.0894
1.3853
7.3475
6.7223
5.5137
1.4036
0.5803
2.3291
3.8459
4.8644
3.0704
3.52
2.0485
2.0249
2.4458
6.8134
2.2526
0.2774
4.8563
2.7313
1.4312
0.8559
1.5293
1.6074
4.8452
7.8706
5.6736
4.9924
5.8162
8.2487
1.0145
3.5968
2.4033
3.6222
3.3652
2.9886
6.8745
0.5753
5.13
0.7034
2.89
0.9996
9.5035
1.0802
8.427
2.7294
3.1037
4.2381
1.2517
6.0701
6.6281
5.2854
2.5692
6.8934
1.0768
2.9196
11.0077
1.8959
13.5919
5.346
6.1318
4.6145
1.5498
1.1512
6.8376
12.302
1.1007
5.7127
5.0408
3.4289
1.6727
1.8099
1.9046
11.6308
2.3355
2.9841
4.4439
4.1372
1.1003
1.048
10.1071
3.6435
3.9555
4.2926
2.1838
5.3752
20.9638
6.2389
10.3876
2.7121
3.2793
5.4906
3.8266
0.726
1.6136
7.0735
3.7933
0.3971
3.0019
3.0428
4.3223
5.5946
1.0065
3.5628
2.0757
1.8734
1.0417
3.677
1.332
2.1339
2.5617
2.5266
1.486
2.2487
8.4686
0.4005
2.58
12.0575
4.7709
2.8855
15.4369
3.0224
4.1098
0.2356
4.4799
1.0383
5.104
4.5004
3.2341
2.9668
4.1586
11.6859
4.5969
3.5048
4.2957
5.1358
2.3163
0.8862
1.9282
2.6019
0.7952
6.3249
4.0255
4.4671
3.0657
8.8925
3.7043
2.2043
9.4508
2.255
5.2639
2.9862
6.4081
12.9498
6.3824
1.6856
1.6973
2.525
1.2401
1.7465
2.4486
9.3205
1.0029
2.7146
6.4708
2.4571
4.667
1.0634
9.4712
6.0385
5.1771
1.3423
8.2133
5.0817
2.0977
6.1349
3.7575
1.767
0.3136
4.0495
2.7027
5.4059
12.7462
2.7733
4.3196
3.0989
1.0519
2.4659
2.9898
0.5237
1.9948
6.1762
6.2463
5.754
0.565
2.3081
2.1837
3.1665
1.5187
2.4484
2.9602
2.3257
1.4158
1.1813
7.6393
7.9582
0.4082
3.4557
2.0106
3.3831
5.558
0.7594
4.2983
7.5708
0.3809
5.9243
0.5325
5.1169
6.8405
5.5264
4.2743
2.5646
1.3942
0.9494
5.7307
2.1061
1.6951
6.91
2.5679
2.4363
0.2523
2.0977
4.2558
5.0294
1.9497
0.8076
5.1517
1.3178
0.8103
0.5293
3.6469
3.6128
2.386
4.5155
1.2708
6.9456
4.8561
5.489
0.1851
1.2005
3.2412
3.9777
6.8193
0.5133
1.6046
5.3946
3.8189
2.6696
1.054
4.6112
1.6974
2.8624
2.856
0.8378
4.7737
0.2569
8.8428
0.3317
1.5485
3.363
1.404
3.0277
5.5034
0.9465
2.0835
11.1842
6.3789
1.5595
7.3851
2.6813
8.8106
8.1691
2.4564
1.7608
4.6553
1.6227
5.1251
6.1812
5.8814
5.2039
1.2729
3.1162
5.9834
0.7839
5.4044
0.8926
5.6703
1.901
6.8334
5.1882
5.1191
3.5033
5.4435
9.434
6.9807
1.974
4.9025
7.5755
4.1536
3.0054
4.161
0.6891
1.1244
3.4152
5.7194
5.785
6.4844
17.8051
3.3212
3.3618
2.3299
2.2272
5.6365
1.6605
2.9169
4.9539
4.126
5.6235
10.3704
4.25
2.1313
2.0316
5.8796
4.4925
4.9203
1.8621
0.8291
1.8247
2.8851
1.7283
2.3573
2.639
2.8414
1.3573
2.1981
0.9577
4.4044
2.8924
2.5982
1.9932
0.9714
0.0842
2.1172
1.8406
5.8511
7.9431
2.1919
7.8825
4.1666
4.5489
3.1337
12.1638
0.8963
3.0553
1.1249
3.1958
2.3331
2.2495
3.4307
2.6131
2.1094
3.3451
2.014
5.8808
4.8576
2.634
5.4574
10.5945
1.9223
6.3968
2.9995
9.5739
1.8441
0.5316
1.2317
1.0594
2.5606
4.1078
1.0995
2.9395
1.1977
2.191
0.2128
5.3887
7.451
5.1011
4.7408
2.3987
4.7289
2.6039
9.7542
0.5353
3.687
4.3595
3.3964
2.7097
1.3315
5.4147
1.6589
3.5203
4.2227
4.2181
0.4832
7.3838
1.9314
1.9758
3.8744
2.3893
1.7491
7.5661
2.3156
5.2346
3.5646
4.2551
5.2336
4.1346
6.0748
0.7399
1.6628
1.9932
0.7053
8.0557
4.3039
3.4289
0.6325
11.1421
3.0249
2.0815
7.3434
6.605
3.5801
2.3677
10.9412
1.349
10.8069
10.7161
0.2347
0.6519
3.6185
2.8489
7.2903
3.0606
1.1971
3.971
3.55
2.3956
2.0088
3.8476
2.2197
5.7287
8.3414
11.1404
2.6971
2.4207
1.581
1.4001
10.9022
2.0874
0.9002
6.6361
4.0786
0.5931
5.8718
5.6997
1.6477
4.0594
6.629
2.7714
11.755
2.8661
3.1532
3.7238
1.8627
1.4686
5.0111
4.6507
0.8115
5.0987
9.5592
5.4273
2.453
3.295
2.3884
1.7164
3.6891
6.8705
4.886
2.1826
1.9716
1.068
3.1083
5.4834
4.1826
3.7603
1.6299
0.7199
2.3289
1.5688
2.464
8.1339
2.298
1.4585
10.0393
1.9109
15.2822
2.4093
3.2259
1.8516
5.604
4.0082
2.6629
0.299
2.413
4.1488
8.271
1.0065
6.4792
7.4682
1.5852
4.5611
3.2451
3.1756
1.757
3.6367
1.0406
4.4891
1.9225
2.797
1.5913
1.9349
3.2508
2.7182
0.7501
1.6361
4.7075
0.8097
6.345
4.5855
2.7641
1.7353
4.2907
3.9738
2.7593
0.1889
3.2709
7.3296
3.533
1.9679
3.395
1.994
0.8469
9.5506
21.1029
8.0259
3.5537
6.6938
2.8111
4.4999
3.5191
3.0019
6.0581
5.2469
6.8031
2.8231
1.4337
0.6854
4.9119
7.5825
4.9195
7.4204
1.307
4.0281
1.3915
1.8851
6.5231
5.5911
3.3218
0.6552
1.369
3.1064
1.9415
2.1655
3.0628
3.1917
1.8863
7.1646
3.1337
0.8324
1.2367
8.4078
4.241
2.0155
1.4845
0.5848
1.7321
0.2565
0.6131
2.4913
1.9637
6.4505
3.0131
8.486
4.6945
6.5942
3.3043
6.0663
8.9089
0.7265
0.85
4.0974
1.8071
3.2511
6.0256
8.0672
2.1498
2.9237
4.9905
3.8895
3.7492
3.6513
4.5246
2.7158
1.4958
5.9278
5.1939
5.6114
6.8661
6.0359
6.8099
6.3274
5.0807
0.4117
1.5269
3.0738
1.4559
4.7289
1.545
6.3244
3.0803
6.0062
1.5697
2.8053
3.6742
8.9548
3.0098
2.7187
4.5096
3.8097
0.6247
1.6863
3.305
7.7745
9.1713
2.6547
18.7162
5.3487
1.8311
3.1824
8.6459
5.7708
1.6651
3.399
2.4611
14.9945
2.2365
1.7056
3.3053
3.133
6.5479
4.8732
2.5557
4.2021
4.8508
8.4207
3.0371
1.0298
1.9577
2.5108
0.1546
3.4001
1.3014
7.6683
8.7258
3.3842
1.3865
2.477
10.8701
5.2607
1.4607
0.9197
0.9511
4.3425
1.5649
9.9199
6.7219
0.701
6.6551
10.3889
0.5978
4.95
2.1477
4.8537
1.646
2.0838
1.5645
2.1483
7.0848
6.9636
0.9995
0.9657
2.8819
7.1068
1.7709
5.3347
14.1896
4.6076
4.9001
2.4751
4.0043
8.6449
3.1575
2.3434
4.2609
1.5378
4.7724
0.7178
1.9819
11.6119
1.9121
5.0161
4.2962
4.0257
2.6549
4.0004
2.8405
5.1271
1.0271
7.0536
4.4555
1.0661
1.1816
1.9564
1.9221
2.0559
1.3732
4.0192
2.7942
7.1579
2.2963
0.4258
5.2588
1.57
3.3001
2.6583
3.981
3.4013
1.3052
3.4748
3.3113
1.1537
2.3027
8.9564
1.5044
1.9597
1.2953
2.5532
3.3596
7.1525
6.9499
0.9635
3.8826
0.6302
1.1592
1.4494
0.7087
3.8473
7.4628
5.5993
10.2709
6.5187
7.9196
1.9863
4.4468
2.7245
4.376
8.6999
2.1067
7.3517
3.3396
4.7186
6.2359
3.8696
3.6142
4.2118
8.9646
13.0991
0.5729
2.9988
1.7489
5.691
1.4172
2.9992
11.6997
2.8979
1.0606
4.1717
7.8841
7.5363
2.8396
3.8235
6.1567
3.5356
2.0225
3.1064
1.8449
4.0978
1.8962
1.7666
4.9265
1.1428
1.7599
3.6471
4.2054
3.0462
0.4953
2.1859
2.406
7.0754
2.5779
4.6036
3.8331
1.325
3.1184
3.2742
2.2937
0.8378
0.4381
3.5672
0.0213
3.7374
9.6381
0.6133
1.4859
5.3246
3.669
1.1602
8.3109
11.678
2.1449
4.3966
1.1958
2.3795
2.0649
1.3881
3.6774
2.0263
3.2057
0.0763
7.497
1.9248
2.0734
1.0881
2.2167
10.892
3.2601
4.4937
3.9948
3.98
5.9806
2.1333
1.2204
0.6289
0.207
8.613
4.6223
1.5671
2.9627
4.0688
0.4807
3.6073
4.4843
2.7155
7.2042
3.5511
5.4253
3.0424
6.772
6.7974
3.5855
0.5136
1.5574
5.1936
3.5734
4.6724
1.4388
4.9374
2.8322
2.5832
1.3839
5.668
1.5512
2.9899
4.8632
2.0632
7.0531
1.7531
1.5617
2.0919
4.7101
14.3592
5.1771
3.7932
1.634
0.8152
3.8438
5.6989
4.7498
0.9628
4.2798
6.7839
11.6014
0.9487
1.5915
3.1081
2.3722
4.3303
0.7232
1.5326
6.6274
6.0405
2.111
2.7751
6.1156
1.8263
1.701
8.1279
0.9948
9.6633
9.0814
3.7667
6.5506
3.8281
2.9101
0.549
0.6945
3.3255
3.1661
2.5616
2.5616
4.1732
2.6322
1.7255
4.3819
1.034
0.7251
7.7265
2.6997
5.0594
2.2572
2.0901
7.2107
2.2974
2.2401
1.1667
8.8377
2.7781
2.164
5.0358
1.8031
8.121
0.5781
2.8177
7.0761
1.9161
1.8405
4.5324
2.7204
0.7576
0.4711
3.307
0.4556
5.1186
3.7476
4.7529
2.8906
4.7385
1.2071
1.809
3.3416
5.7271
3.7344
3.027
2.831
0.7734
0.5297
7.9572
0.679
1.7503
8.994
0.9136
0.6465
5.7832
6.3001
4.822
2.0662
5.8342
5.3738
2.0697
1.3516
2.2543
3.8307
6.4091
2.6728
1.8297
3.8233
5.3946
1.5454
5.2872
2.6985
6.4179
5.8141
3.1538
5.5858
9.084
1.7064
9.2107
1.3713
3.6708
1.1022
10.6184
2.6335
9.5863
1.9627
2.371
0.7517
6.5835
3.7029
0.9231
2.5837
1.8975
1.6034
8.3901
0.562
6.1478
6.39
0.4809
1.679
5.8184
5.3431
5.79
7.8109
0.7354
9.3161
6.7546
1.567
0.7182
5.4366
0.9492
3.1946
5.6239
1.0985
0.9076
5.4722
4.9704
2.4959
3.8101
5.7957
1.2069
0.8796
1.7253
1.5072
2.7592
3.644
1.5623
5.4025
6.0152
11.1924
1.3074
3.6435
2.2478
2.7819
6.6334
1.0082
5.7666
4.9147
10.2567
3.2976
0.6752
3.1007
6.3669
4.2897
2.1138
4.0664
2.7801
5.4303
7.9971
4.1114
2.7165
10.2766
4.8724
7.6022
0.3955
5.8016
3.9039
2.2754
7.4986
3.1447
7.3624
12.438
1.9308
3.8177
1.8077
1.7954
2.9252
5.953
5.3255
2.4792
6.9224
0.7028
4.6625
1.1127
1.492
7.0465
2.6408
1.0962
3.1882
6.2744
1.2939
16.2664
4.0891
7.0902
1.5022
3.4724
6.6338
4.6568
6.6302
7.2297
5.1744
4.0379
0.6827
1.1658
4.6113
2.8667
1.7772
1.2846
2.2018
3.185
1.2078
5.599
3.9529
3.6481
2.9548
4.7172
1.0557
0.6087
2.2378
4.1393
0.7301
7.2189
2.901
1.1134
11.9802
1.7298
0.9754
4.6251
0.268
11.3127
1.9891
11.2852
2.7485
2.3824
4.1419
3.1613
4.4767
8.0153
4.0738
2.8537
8.713
4.5314
7.2265
6.5551
6.7322
2.0933
5.3042
2.4482
2.1064
3.5058
1.6877
4.5705
7.1039
4.3045
9.0308
6.7256
3.9948
0.276
2.8924
2.4436
0.8766
2.4557
6.1772
2.2469
1.491
2.333
2.5244
4.7631
6.8017
2.9203
0.5808
4.9185
1.089
1.8734
1.3653
7.6104
5.8908
5.3922
2.1725
3.1555
3.398
4.033
8.0669
2.7226
5.7016
1.644
8.2493
0.9967
5.2526
2.6102
5.1815
3.5316
1.0532
1.0396
1.3986
5.1939
2.8638
5.6285
10.7413
8.3828
4.8148
2.9819
7.8448
2.3167
5.8401
1.3586
3.6571
3.8478
6.2859
0.7055
3.0507
2.6997
6.6319
3.9919
3.0682
0.5583
2.1154
2.7814
3.5691
2.3835
2.2561
9.1824
1.7788
3.9268
1.015
7.8604
0.7587
5.6106
4.4436
0.9647
18.8786
3.1347
2.0964
4.3909
3.32
3.4657
7.9119
0.9932
2.0363
0.8274
3.4612
8.6367
5.6472
8.7597
2.3353
9.4496
5.3436
2.8998
1.5612
7.559
0.6224
1.7409
4.8439
3.3002
0.9254
7.653
2.9829
3.3177
6.4275
3.249
5.4864
7.1584
11.5749
1.6444
2.2558
3.0609
1.7228
1.5651
7.329
4.3447
3.0657
4.9169
5.2371
5.0071
1.3004
0.5292
8.7685
2.4904
3.7989
3.6421
3.6472
1.5409
8.3403
4.1203
7.3984
6.1181
4.8114
6.7051
2.6304
1.0295
4.7273
4.7755
1.8778
10.2981
3.7435
7.3462
0.2904
2.094
2.0269
8.0872
7.219
0.8621
0.9669
0.9443
2.4757
2.8341
1.416
2.9891
3.1319
2.2744
1.539
2.8963
5.9155
1.1074
3.8975
6.6707
4.0675
0.6149
7.6998
4.0941
3.0371
6.437
10.6657
3.4471
3.3571
4.0776
3.0615
8.2114
2.8753
10.195
3.8718
7.3128
3.2971
1.8031
2.631
1.3423
1.7165
0.8835
4.4001
4.4368
0.134
12.2419
2.8627
1.352
6.0152
4.5343
1.9256
4.5171
12.1678
3.6135
4.3678
0.4307
3.1372
2.6785
7.0082
4.7666
8.8755
2.7555
9.2495
2.8166
4.6681
0.657
4.1943
1.7805
4.2176
5.875
1.627
1.746
1.8523
3.0775
1.7806
0.6019
4.0482
1.4342
1.1884
3.5109
3.2692
4.9871
5.7276
3.2582
0.5722
6.3539
6.8246
2.2733
10.2526
2.6139
1.6379
6.6955
5.8475
6.5281
3.82
3.762
15.0307
0.9254
5.8863
10.3087
4.0129
2.3421
4.1521
4.9672
4.8156
2.0368
5.9289
5.2385
5.7856
6.8236
1.0623
4.3303
0.9909
4.1474
2.9923
1.0464
6.5584
1.3667
0.7884
6.9386
3.8494
3.7415
5.5696
3.218
6.0891
2.3412
2.0477
3.7121
6.5956
3.316
6.8256
1.3748
3.6233
4.0413
4.7351
1.9497
3.0675
4.1298
4.3282
1.6682
13.3608
1.4983
3.979
14.8806
1.3873
5.7838
0.3232
3.0645
5.3925
3.0375
0.7378
1.807
0.4479
2.198
1.6095
5.2611
4.9966
2.1771
2.5183
2.8308
11.575
1.9968
2.3148
1.5973
0.999
6.9043
3.4281
3.1656
3.0084
0.6694
2.8633
2.9627
4.3918
1.0145
2.9787
3.9023
5.1333
2.2646
1.4036
3.8878
8.4723
1.3048
9.625
1.0882
3.7884
4.1167
4.2215
3.5075
2.8355
3.6335
4.6255
1.9411
2.2262
5.0573
1.7511
3.5259
12.3984
1.3976
1.7995
0.2743
6.6341
4.0766
2.8143
6.1418
6.5325
1.0587
8.842
2.3921
2.1447
0.8104
2.1652
5.4845
8.0737
6.9837
0.9584
2.3015
8.2901
2.8063
3.585
3.1997
2.4271
5.615
7.5145
2.656
0.7083
1.2579
2.3503
1.2503
0.4814
3.572
3.9018
3.2264
3.6189
7.49
5.7285
1.1537
5.2987
3.3017
3.1222
1.8728
3.5923
5.5086
0.2793
7.5455
3.705
3.3536
10.7725
2.1348
5.4973
9.8184
6.2858
0.9793
0.6712
2.095
0.7145
1.0925
6.1913
2.5316
6.0602
0.6058
4.3352
3.9144
4.467
5.1882
1.225
1.996
2.3379
4.4982
3.4891
4.7062
6.1867
6.1669
5.5833
2.3016
2.2775
9.7609
1.4764
7.0862
5.4602
1.9838
0.9561
8.5887
0.5179
2.7456
7.4988
3.8357
0.2247
2.5488
1.1748
4.1485
4.515
7.2525
2.9038
4.6406
1.5638
1.1857
2.3941
2.5462
9.5115
6.2429
4.1316
1.7735
6.4033
2.2541
6.5965
7.6319
5.4834
1.5237
5.4157
1.2422
2.3791
6.0501
0.5374
1.7262
5.6709
9.6961
4.6685
1.465
1.0013
0.8166
6.1838
1.6658
0.6862
1.5179
1.6704
1.2857
4.2143
4.1552
4.1826
0.4949
3.0636
2.7182
2.3399
1.2557
0.5643
0.7243
6.3349
8.1681
10.5732
6.5975
3.5144
4.7194
4.116
4.8336
3.5502
3.2849
6.2231
4.0605
1.5244
2.3429
1.3305
2.2328
3.7981
2.2622
1.6315
1.3448
2.3255
1.258
10.2328
4.306
4.7855
11.4394
3.9722
1.5655
6.1239
1.2565
1.5694
1.7215
6.4776
3.905
2.5206
7.3421
5.4089
6.4602
8.6733
2.7582
5.8497
1.2794
3.3476
8.328
4.3751
0.423
0.9117
1.4147
3.8471
3.9647
3.5518
3.6178
2.9944
2.0111
1.9854
11.9961
0.896
1.1288
5.0495
2.6529
2.2212
4.3072
1.555
6.2216
3.7829
2.5847
2.082
3.8823
3.4981
4.2227
5.3605
5.1529
4.4124
2.4051
1.4747
7.6574
1.6823
2.9209
2.321
8.2939
1.8927
4.1474
1.0446
7.9682
1.2336
0.6544
4.4757
4.8835
3.3428
6.6258
2.9359
3.9233
1.7045
2.6518
7.1022
12.673
1.6982
5.8759
2.4476
7.9293
0.9806
0.8394
2.4862
2.494
13.2476
1.8232
1.3789
2.3938
0.757
3.142
3.9547
3.7377
4.9769
3.8643
0.9693
0.9307
2.9781
5.0365
1.9137
6.8961
4.332
8.1046
3.3608
2.3012
2.7695
4.1154
3.2339
8.3106
5.1698
1.0726
5.3245
9.0714
3.2611
2.8123
1.5242
0.7858
1.1904
0.2665
5.5317
2.2055
3.4779
0.764
1.5167
5.6173
5.3097
2.0922
7.5107
6.2186
4.7343
6.3106
8.2798
6.906
3.9336
1.705
1.1253
2.8609
3.8892
5.8209
14.6062
6.3852
4.3131
3.7827
4.079
5.4689
5.8326
9.4305
3.2344
5.4938
2.3222
0.0836
0.731
5.9328
0.5376
1.9077
1.0472
2.8522
5.5177
1.8289
2.6733
3.3305
1.9787
4.6727
0.5718
5.6003
3.4355
2.1037
1.7546
5.4553
9.2718
5.2631
3.2786
16.0811
4.1574
3.1728
2.8686
2.8898
7.8273
0.7144
1.2092
6.4669
4.3066
4.216
2.0008
1.4496
8.7444
2.9478
0.4232
5.7526
3.5311
4.1188
5.0688
0.7697
2.175
1.9736
1.8161
0.4375
6.038
7.5793
3.6973
0.794
6.2874
11.7339
5.7056
0.9757
2.6577
3.1698
1.6053
5.1681
0.6917
7.2622
1.5834
4.1772
4.4286
10.5196
0.8833
0.8705
4.5606
6.915
7.1973
4.1076
6.523
5.9556
0.5556
2.2483
0.5431
1.9555
3.4792
3.1482
8.7815
8.2392
3.3016
5.7122
3.096
2.5937
7.8604
6.2315
4.4609
3.1738
7.0582
3.1295
2.5479
6.1918
1.186
0.1207
6.9945
1.8909
4.4372
5.4902
6.2845
5.0674
4.0734
8.6387
1.8639
5.4454
2.8973
2.7626
1.1737
8.7412
3.4548
8.3593
3.4267
3.9453
2.3069
6.7401
1.3387
4.1836
2.4784
1.2324
6.1948
6.6334
1.8647
7.3142
0.7042
7.8628
3.7581
0.717
5.1001
7.5327
2.3598
5.7887
0.5794
7.8172
6.8942
0.5847
3.7074
6.7578
3.8835
1.9454
4.6985
0.8873
4.8856
1.7242
2.4657
2.2921
2.3427
6.7748
6.006
11.1544
5.4046
3.9408
4.7055
3.8123
6.6431
5.796
2.7
4.8267
5.6436
4.4902
0.9425
1.8897
0.2702
8.9628
1.7965
2.9809
6.4724
2.4503
3.5408
6.3511
3.3561
4.1776
1.3447
2.4539
0.4762
1.3843
4.5434
1.3234
3.873
2.5455
6.7338
5.2468
20.2903
2.9032
1.3194
4.2467
3.5918
8.7563
7.4061
1.1461
8.3542
3.3329
1.1381
0.8083
0.7381
4.6323
2.7873
7.7797
4.751
0.3205
5.1757
0.8982
4.4025
3.873
3.129
4.3657
0.6461
4.1087
6.1901
0.7469
2.7429
1.2986
6.7687
2.2595
11.1525
3.0472
2.4672
3.8417
17.3545
3.267
0.8358
3.2459
2.3291
4.3833
0.8708
6.5869
2.874
11.2925
2.9042
3.5958
4.9781
4.0287
4.8698
5.5913
1.112
3.3055
0.2527
3.083
1.0282
2.3197
0.5722
9.6089
3.2909
3.6929
0.724
2.4317
0.5965
7.331
3.2658
5.9571
11.891
2.769
3.6904
3.9732
16.6334
7.6195
8.4716
4.0721
2.7881
0.8628
4.0735
1.9524
1.7258
6.6253
1.7257
6.1661
5.9676
0.6959
2.7457
1.9122
3.7254
2.9051
7.836
9.078
1.6068
2.3398
6.7303
1.7736
1.4042
2.4497
5.4696
7.6339
4.0571
5.3378
2.0242
7.7609
3.9164
3.8282
2.7191
4.5308
0.2568
4.8242
3.6163
10.7925
4.5222
0.6708
3.6915
0.7041
2.8049
0.2415
2.1332
9.4367
1.1839
5.083
4.2584
2.1304
6.2938
3.9741
9.4006
1.3693
5.0925
5.8772
5.0446
2.8238
0.8816
4.7661
4.9772
1.7888
2.8251
6.8054
1.8944
1.301
10.0483
1.5251
6.3258
3.1434
3.6285
2.2135
1.3965
0.7063
2.9161
0.6964
7.6939
8.621
2.5965
2.3763
0.7959
5.2249
7.1017
3.9786
0.8571
5.8214
1.2329
0.6556
5.4352
3.3087
3.921
9.5537
1.9424
4.7993
1.6577
16.3268
2.1041
9.2342
1.6227
3.5988
0.3879
1.003
2.3325
0.8341
4.5101
1.8978
2.4869
2.9381
0.7136
2.5599
3.9171
5.0722
4.2943
5.729
16.9375
1.4808
3.1404
1.8196
2.2717
6.2953
4.1117
0.6454
1.663
3.5626
4.5067
2.8136
1.6052
0.9516
0.7001
8.5166
4.8007
5.1167
3.2753
0.1833
1.8216
0.9251
4.0683
1.7495
10.8784
3.9506
4.3656
5.3331
1.2122
5.3461
2.7836
4.4141
3.1945
4.7356
3.5549
4.82
4.0969
5.7911
5.8212
2.1122
2.1653
0.8528
0.5328
11.5652
3.0162
5.4559
6.1016
5.4577
0.4448
3.8983
6.1157
1.9133
7.2975
1.5318
1.2283
1.8995
4.8456
3.742
10.382
1.7123
3.2726
5.0244
1.3204
5.0955
1.0884
7.3065
1.7873
6.5286
13.1541
10.7819
3.2055
13.0507
2.5099
1.3203
1.3605
2.0837
10.5525
0.4181
4.0474
2.3672
6.246
4.573
3.3087
6.2366
3.1153
3.2072
3.336
0.6755
1.9561
2.1695
0.8406
6.4095
2.167
9.2987
4.6965
1.2062
4.5024
6.6687
1.6311
6.7903
2.6034
1.5917
0.2711
4.3586
6.6643
4.1656
4.0553
3.7865
13.4028
2.0586
4.8978
1.9526
14.4762
2.628
1.3254
2.6238
1.7445
2.0377
2.595
1.6636
3.7235
0.5394
1.8029
1.8297
4.4474
1.0825
1.816
3.8894
3.1972
10.9907
1.2534
1.455
1.7779
1.1346
2.3077
1.3814
1.0763
16.5558
3.4146
5.4957
2.9456
0.9319
2.3922
2.1246
2.8569
4.3688
0.6851
0.6396
2.3336
2.0703
4.5169
4.5843
9.1517
5.985
7.8688
3.6131
7.121
5.1215
2.5981
2.8418
6.967
4.8376
1.5193
1.3539
0.3578
2.3296
2.2107
1.2163
0.8643
5.5931
14.2593
4.3207
6.0643
3.6078
1.6466
4.6652
2.7486
4.8579
4.5157
5.7553
2.4269
1.6621
11.4884
4.8792
2.3367
3.7895
2.3348
1.6972
6.3223
3.976
1.8768
2.4552
9.9308
0.8423
4.3566
7.0992
2.6695
2.2352
2.5421
3.0956
1.9144
3.3257
5.7467
2.0479
5.2878
5.1473
1.4081
10.0462
14.5537
10.4673
2.6568
3.2784
4.819
0.2531
0.7565
1.36
6.2531
4.5009
1.8967
3.7889
4.8965
2.3763
6.2735
12.271
1.4079
0.4438
3.7181
6.8951
4.8251
0.9888
2.925
1.0104
1.7024
3.8353
2.3869
6.5183
1.0857
4.9513
1.1611
4.6156
5.9913
7.4449
6.174
1.3321
1.5898
8.5809
1.093
1.4803
4.8447
2.9169
3.3413
3.0621
7.4491
2.9371
9.3688
4.804
6.7971
4.6057
6.0944
1.5123
1.496
4.3397
2.5504
6.5064
3.637
3.9541
5.4513
1.7908
4.6191
4.9437
5.0249
4.2922
14.6297
5.5759
4.777
10.0258
4.6542
2.6002
2.7915
6.0039
0.5859
1.1619
1.4095
1.4073
5.4951
6.9648
2.6925
5.7155
2.8927
4.9724
3.2715
5.2151
0.5745
0.255
1.2112
0.8789
7.8435
1.5175
4.2192
1.6966
7.2087
7.6631
4.3787
7.4997
5.5559
4.0693
9.8061
4.4888
4.216
5.2527
3.415
4.0755
1.6043
2.0327
5.2697
3.1619
5.805
2.2026
10.5692
3.9481
10.4631
2.8003
1.715
3.0669
0.6294
1.8195
3.2121
1.1469
2.8883
5.1368
8.6174
3.1059
4.5096
3.4292
1.8671
6.4611
3.9474
4.0768
1.0148
2.4011
5.5849
1.6626
4.0368
4.1848
5.2701
1.8906
8.0388
1.1091
7.5078
9.4722
8.1696
7.9349
8.5184
0.5199
12.8566
1.9007
4.4154
3.5439
6.9921
6.9101
2.591
3.6968
6.9929
4.4571
5.113
3.4395
2.1517
2.0063
2.0238
9.1188
4.7493
2.8647
1.2177
2.3518
1.4353
1.6797
8.3912
2.2521
1.4247
5.3194
1.4252
1.0224
1.6787
2.2199
2.2951
9.7234
5.1399
3.6918
2.9561
2.1349
7.3318
1.6837
0.3063
2.0244
1.87
4.1426
5.144
3.0818
1.6819
5.5722
3.459
4.4952
1.5562
0.3782
0.818
0.1348
5.9043
0.8892
10.392
1.9589
7.4026
1.0922
1.5331
4.2264
0.739
3.1303
5.9632
2.1754
1.9868
6.2457
5.7456
2.5511
1.1244
6.066
6.1151
2.3168
3.3814
2.9078
1.4576
2.8914
3.2694
6.3958
2.894
1.0087
3.6554
5.0022
7.9506
6.5975
2.2541
4.324
0.9615
2.8773
0.8698
8.6404
2.448
2.6038
2.2083
3.246
7.4154
5.1052
3.2433
7.5089
1.5538
3.9172
1.843
1.394
10.6065
1.0471
2.4042
2.1353
1.9856
3.2719
3.6968
7.9716
5.7478
0.6895
1.6002
1.9589
6.9167
2.4119
14.06
2.605
8.1312
9.3826
1.9772
0.9271
0.9389
1.6467
4.3656
7.0513
1.1328
0.7444
1.5482
1.4737
4.3891
1.1387
2.8066
2.3045
1.3541
4.7
0.7736
6.013
1.8581
2.2391
1.2586
4.061
4.3848
2.2011
1.7611
2.1632
5.7067
3.9778
2.3703
4.6375
4.2422
5.739
3.9451
2.5394
6.4067
14.5158
5.0853
2.3181
5.1673
5.7908
5.3142
3.22
9.3792
0.1545
8.5031
4.1741
6.5065
2.5409
2.7835
3.1065
2.5778
5.1562
3.9296
6.3186
1.2913
3.4457
2.7414
3.0027
2.1781
0.5933
10.2637
1.3667
1.0101
2.6099
3.8015
9.6692
3.4826
0.9679
0.9506
4.4843
5.7951
4.5516
18.9273
3.1738
2.2817
5.8513
6.3511
2.6288
2.6358
5.9356
5.2876
3.7327
0.2868
14.2496
0.7395
6.5514
2.8686
3.9842
2.2169
0.7811
1.5675
8.0282
6.5747
1.0634
4.4351
7.428
3.5045
7.5184
1.3741
3.1627
0.7847
4.8629
2.7982
3.7249
7.9605
3.6251
7.7807
3.8015
1.0199
3.0742
1.6707
1.0538
1.4813
2.0377
3.3468
1.8044
0.9313
2.0579
3.7139
2.2637
1.5186
1.5239
1.703
3.105
6.3587
11.9391
2.7254
9.8736
4.2949
3.2076
3.479
5.6455
5.1454
7.3269
5.6221
0.5752
0.897
1.0666
4.3702
7.8028
7.2645
3.5925
2.0514
2.1206
1.7056
1.8107
3.9984
8.7235
0.8033
1.7469
0.494
6.1075
4.1178
2.7045
5.0847
6.1675
2.5522
3.7312
5.3155
1.162
5.7359
0.9217
3.1641
7.9798
2.4261
3.514
3.5381
3.3593
3.2824
12.128
6.908
8.6042
2.6275
3.4019
0.7384
3.8435
1.198
0.7999
2.9064
3.7666
3.007
1.7449
0.8859
2.711
7.1785
3.4244
3.1473
4.5501
2.4756
8.4755
3.4463
2.2002
3.5654
5.944
2.2072
12.5886
12.5307
2.7594
5.1343
0.8635
5.7522
2.5094
2.2272
5.3868
4.106
2.6736
4.335
3.5601
4.0252
6.5142
5.8541
3.9948
1.9483
9.8154
4.2985
2.0091
14.7743
2.6499
3.1345
2.0239
2.5577
2.1224
7.0185
5.8042
0.2815
8.8791
2.6275
2.3533
7.8355
1.7991
2.7311
3.1151
5.5361
5.5132
2.8244
1.1465
7.0074
4.801
11.8641
1.8173
14.3743
0.2647
3.8373
6.2667
5.3127
2.9105
3.234
1.9544
2.3478
0.5462
2.3564
1.0563
4.7315
3.9278
1.1987
1.1537
3.9551
2.8515
3.2754
1.9721
1.675
2.0579
8.1317
2.7095
0.8172
8.9527
2.0918
6.1368
2.4054
8.4115
1.0013
2.8688
0.785
0.5854
5.5704
5.0563
2.6282
9.2507
0.517
3.3257
1.1866
4.0106
4.8564
1.1869
2.2306
2.1058
2.5152
6.2387
7.4424
2.8561
8.0789
0.6425
5.4229
2.6178
8.9835
1.8049
0.4929
1.3306
1.8583
7.1464
1.236
2.0929
2.7106
4.1111
9.712
2.4526
2.1126
9.7265
0.1829
0.9361
4.7181
2.4933
1.3133
12.371
3.7573
1.4009
1.4718
0.9475
0.9095
14.9504
1.8859
4.7613
3.4594
1.4657
3.2365
1.3359
1.0664
6.1195
3.6126
5.7416
2.1544
1.8278
3.4935
3.0261
1.923
3.2808
8.3718
0.8886
10.6781
0.2962
8.2144
1.3016
1.2398
0.6744
4.4517
2.3741
6.4394
5.8255
0.5379
0.2764
1.185
6.5081
6.4064
1.9628
6.2798
1.8378
3.9249
5.2506
3.1502
7.7673
3.5948
2.2357
9.9478
2.6
0.0542
4.6455
1.0782
3.3566
1.1922
3.8274
3.9253
7.9806
2.5836
4.8965
1.4193
10.8732
8.2025
4.9325
9.2678
3.7814
1.5449
3.0146
1.3525
10.9289
1.0806
14.1087
4.1671
4.8743
10.4704
0.926
9.2578
0.8933
2.5106
1.5253
8.5977
2.0531
3.2145
7.0127
1.6813
4.2501
2.0311
4.3169
3.455
7.1312
2.4436
1.7124
0.8288
3.7988
5.2842
2.1967
19.0127
3.536
6.6573
6.6287
4.9954
3.3056
1.4058
3.6047
4.0824
2.6705
1.0227
7.4277
4.5308
1.8426
3.2187
1.2895
5.8679
3.8681
5.7269
6.1301
4.7481
5.2088
0.5611
1.2564
10.6695
10.526
5.146
9.0425
4.3361
3.8262
6.8886
3.995
1.9277
3.7497
2.0995
7.0083
7.3419
3.4157
0.784
4.1419
4.3625
2.8989
3.8134
0.7865
1.2772
3.047
8.3049
2.8317
1.3824
0.7617
3.5629
0.5339
3.3148
5.7274
4.2316
1.4675
0.3505
2.8719
8.4159
7.0034
3.4147
1.4339
2.9972
2.0282
2.7882
5.5577
4.1136
1.4303
2.9499
3.5322
1.2298
2.1715
2.6258
1.9971
6.0341
4.0876
0.9098
3.3316
4.3644
3.1818
3.3761
2.8632
4.3937
2.5707
3.0817
9.2852
4.0897
3.7419
1.4316
4.2091
3.8796
2.3962
2.675
7.7817
0.2008
1.6485
5.1609
6.1176
2.0247
3.2656
1.1681
2.3067
3.2095
2.2448
3.9726
2.3009
6.9719
1.8234
1.0862
11.4437
8.5288
3.8339
1.4657
0.6805
0.8288
4.1212
9.2592
6.4355
8.287
3.6177
0.4357
2.0207
2.9846
0.8624
4.4503
6.2765
1.875
1.2595
2.6924
3.6524
6.2773
3.0667
3.126
0.6061
2.1841
8.1859
1.0512
2.3395
5.6697
4.3756
3.8292
3.0047
4.4092
3.1946
5.2832
3.7569
3.0484
0.8676
1.9016
1.6699
8.7277
9.1809
7.4121
2.5379
8.8786
5.1734
1.2192
2.738
3.3946
5.3201
0.9852
6.2333
9.4209
5.4143
2.7792
1.0897
6.3458
7.2292
3.0283
2.3082
5.812
4.3149
6.4291
2.1419
4.016
0.9877
2.7687
9.1002
2.1735
1.7216
6.1853
12.1494
10.9655
2.8694
0.6056
8.6312
7.5498
2.9467
1.432
1.6922
0.9635
8.2567
1.3161
5.8521
3.5023
2.9602
1.4068
2.4754
6.3913
1.043
6.2739
6.6897
2.3267
5.6976
6.8592
3.6471
5.4482
3.3923
0.8441
2.2465
5.2099
4.3069
2.1843
3.7614
3.6323
2.3632
2.0579
3.0653
4.8166
0.9149
2.3974
0.8399
4.059
6.4166
4.3989
0.4576
9.8997
6.4248
0.463
2.5822
1.8065
3.3067
4.7118
2.7143
3.3926
6.5618
3.9261
1.6532
2.8925
1.9805
3.7313
4.6056
1.2169
5.9032
5.8977
6.336
9.2389
4.7164
3.0679
6.3243
1.406
4.6264
5.4788
5.289
6.5212
2.3651
8.9059
7.6996
7.5004
2.4422
3.3834
2.4666
1.7775
0.4176
3.3066
5.2599
10.7231
3.6171
3.7549
4.3746
2.9461
2.5359
4.7146
3.0741
3.1796
4.153
1.2617
4.7928
9.5408
1.3984
5.2166
0.5402
3.8638
4.408
4.9189
10.7539
3.6808
8.7835
1.5157
3.3537
3.7834
3.5332
2.6147
3.8746
3.0677
2.3222
2.0082
5.953
1.032
2.0032
7.5489
1.5191
0.6696
3.6864
4.081
14.0355
1.0766
0.9911
4.2498
1.4561
1.0361
1.2646
5.8079
5.6561
3.3086
6.0578
11.8496
3.2422
2.9454
2.8871
7.5175
7.3139
4.2285
5.4283
7.4666
2.6575
0.6414
1.2139
6.0699
4.3212
7.0357
3.3211
3.9944
5.2256
2.8068
6.1599
2.5826
6.5143
4.0571
6.2159
6.8616
1.6067
4.0311
7.3445
1.2937
2.0282
4.5569
5.0672
3.5137
2.7746
0.7014
9.7776
3.4529
5.4356
1.5222
0.0227
0.894
1.7277
3.0602
2.7695
1.7449
4.3631
5.3605
9.3846
9.6356
1.1769
2.1151
1.6653
3.2775
6.1747
2.1864
2.1151
2.7045
7.3767
3.8015
3.2581
2.5633
0.9662
10.4014
2.2348
2.3403
1.0625
1.6367
4.5836
8.1039
10.377
6.3317
7.9643
0.9914
1.6798
2.8105
3.0336
5.2871
5.5726
3.1347
1.6811
3.0372
2.0037
4.8073
1.8315
3.2585
4.3021
0.1143
0.4603
1.6673
3.4115
3.3201
4.5715
7.02
1.1599
1.3684
1.6135
2.95
9.0802
14.0095
3.0987
2.5612
1.6501
0.7899
0.631
2.5349
3.0951
1.2366
1.8954
3.2195
1.2856
1.4282
6.561
1.136
3.2022
2.5766
3.2074
3.6598
0.8112
10.5181
2.2368
0.6589
2.8336
1.4828
4.211
2.8733
10.5295
3.9368
4.9907
1.5031
5.4835
1.7982
1.9576
4.1065
4.5278
6.2185
1.6715
0.7783
1.4151
3.5772
4.0803
5.1199
7.3362
1.9208
3.2392
0.2349
1.9649
14.9009
9.2104
3.2989
5.169
4.1732
2.6951
5.0726
2.1049
2.7089
2.8426
1.45
1.2028
1.7807
2.8107
1.5713
5.1426
3.2228
1.7082
1.1993
0.3453
2.3008
3.493
5.4261
2.3345
8.0846
2.0538
1.2477
6.1971
4.4021
6.4815
1.984
1.4913
4.0958
1.1111
7.2664
10.1261
12.501
2.2866
1.5807
8.4549
3.6908
2.6185
5.8471
8.2413
2.3664
3.7756
2.5288
0.4102
4.8193
5.3454
4.6625
1.3918
4.0923
5.8931
10.0036
2.1981
3.1737
0.3987
0.6956
2.1613
4.2153
2.3307
2.1841
5.6479
5.2378
9.8749
2.5044
1.3504
2.4448
0.4848
7.8264
5.2628
0.2282
1.6455
8.6687
3.5654
3.2177
3.6532
0.6368
8.6386
2.3834
5.7389
4.662
3.5679
4.6253
3.976
2.075
3.4281
3.5856
11.0537
4.0864
1.4864
2.2478
5.4113
1.0288
7.7976
2.5882
6.0588
2.2879
4.5868
0.5685
7.0455
3.2709
4.3283
10.4385
3.1633
2.2701
4.0162
0.7195
0.7471
9.1974
0.4185
1.2241
2.075
1.8353
3.149
8.4555
1.3676
5.5692
2.049
3.5842
3.203
1.626
6.1615
4.7676
4.0849
3.4011
1.1378
3.0624
0.7437
2.4925
3.6565
2.1414
7.2609
13.564
6.3486
2.0658
3.8249
7.6066
2.4119
0.2216
3.2317
4.7489
14.4745
6.4549
10.3752
5.7604
0.3004
5.6957
1.1856
1.3269
1.7158
8.0931
6.9478
1.7208
4.942
0.2405
1.3954
4.6663
8.4556
6.8985
6.0199
0.6303
9.9081
0.3784
0.9643
14.3824
4.7586
2.2223
3.0118
0.9793
6.5624
3.7169
3.9651
2.3689
2.6942
0.5732
4.6651
1.2782
4.866
2.0288
11.3318
2.0107
5.1445
0.7334
1.5111
0.7008
2.9142
5.1101
5.4766
0.9531
2.3022
2.0705
1.1382
5.214
4.1359
5.9954
2.3848
2.7741
2.7377
6.7474
4.0675
3.853
10.5533
6.7212
2.8192
0.548
3.9604
0.3115
8.0386
4.4285
4.3502
2.2297
4.3605
5.3582
1.3019
2.0556
4.9978
3.5094
6.498
4.1913
4.2266
2.4046
2.823
3.6586
6.7154
2.5861
4.2709
4.6804
1.8699
3.5627
10.8786
2.1562
8.461
2.1582
9.3051
8.7568
8.6571
3.2024
10.0666
0.4208
4.3585
2.4941
5.6656
1.9038
3.1281
1.1489
0.6672
5.2489
1.2245
7.0389
2.5493
1.7679
3.0377
3.7507
2.9504
1.9179
1.6503
3.4548
3.0771
7.0192
2.248
0.0253
4.5965
1.781
4.4954
9.0346
7.5923
11.0435
4.0728
2.6667
1.4121
5.3708
1.4016
5.1034
2.3884
0.6575
6.1282
0.2367
1.0591
2.4386
1.3167
2.6887
1.3556
6.4263
3.1916
2.5209
5.1677
3.1295
2.892
1.9793
2.2814
2.6562
4.6201
4.9259
2.9945
8.3789
0.7846
2.2165
4.2738
5.9452
1.0757
0.547
5.512
3.1177
3.9723
4.1262
10.1114
4.3185
6.1096
5.6763
3.461
1.4478
1.5414
6.2812
4.9917
1.0383
2.3061
2.581
8.3847
7.2553
11.7746
3.995
1.8034
3.1634
1.8148
4.3154
12.2279
2.3609
2.2962
1.3147
5.1974
4.2587
6.7752
3.4033
1.1195
3.086
1.1497
6.1919
5.2008
2.5851
8.8403
5.3734
4.0455
2.1499
0.414
5.1367
6.9392
2.5094
12.4032
0.6872
1.8542
4.7476
2.8204
6.2496
1.5586
5.3318
2.4397
6.6644
5.7004
2.2907
3.2334
5.9037
5.9044
0.1318
6.5324
1.7554
0.3565
2.7406
2.6471
14.235
4.4504
2.6289
0.6295
3.0288
3.9134
1.5129
6.9
4.345
10.5632
2.2643
5.0422
2.3617
2.6418
7.6051
1.1498
3.5967
3.3763
2.9427
1.35
2.0808
2.0812
0.8264
4.4542
1.6114
3.2397
0.9772
2.3971
7.2909
6.6534
0.6889
2.51
4.6278
3.0907
9.2523
1.5494
0.9342
4.4284
1.3144
3.2893
7.0071
3.4131
3.4138
2.4239
5.947
6.2394
9.7799
10.0451
2.8808
1.5573
3.2562
1.5735
1.5806
4.2107
1.9505
0.9355
3.7212
5.0917
5.6038
3.1911
4.7713
1.9233
1.2903
3.6894
3.0954
11.7609
6.0081
4.7101
5.6223
5.7903
4.4793
1.3135
1.3211
0.524
4.351
7.7206
5.784
3.7093
1.8775
0.8104
1.4145
0.7345
0.994
3.6633
5.8273
5.6072
2.1889
5.4776
2.8765
2.1151
0.6823
2.4486
2.5086
4.2245
1.718
4.6046
3.0903
6.9902
5.0939
0.5542
5.9864
1.9566
2.423
3.1837
2.3416
1.8162
2.2503
12.0089
5.8739
7.2078
6.2543
5.2133
2.5297
1.8334
7.4736
1.676
4.001
1.7339
2.9415
3.6551
0.4871
1.8066
7.6235
3.1278
0.2729
4.1067
2.192
1.5403
0.6798
5.0139
4.7348
5.0529
9.83
4.8067
3.3111
4.4046
1.3992
2.3283
3.0792
2.7246
1.7079
4.8876
10.7159
2.9948
7.3162
5.6076
3.1543
2.7734
6.8639
2.0342
2.4769
2.6076
5.4366
4.5769
6.4315
1.3917
2.4624
6.5809
9.3814
3.2157
1.8904
2.8129
2.2712
3.1284
1.5023
0.7307
0.7138
2.1413
6.0242
1.7968
2.0643
2.8522
4.8726
4.7175
3.6399
0.7826
4.1858
6.5019
3.647
3.5544
5.9478
9.9485
8.0038
3.0767
6.042
6.4522
14.0245
2.3358
3.141
3.427
0.223
3.3317
0.607
2.6874
1.8037
4.1655
5.7208
1.4854
4.684
1.5336
1.6469
7.0027
5.1809
6.2006
5.6401
6.7132
3.2115
12.5671
3.049
2.5614
4.2631
3.8465
1.8182
1.6207
3.4617
3.8028
1.9001
4.2945
3.2152
3.4748
2.7304
8.1634
3.771
9.7416
4.8288
4.5068
3.3639
2.8936
0.4947
2.6561
8.3371
0.6738
1.9064
8.1003
3.172
3.5443
3.9889
1.9784
3.3778
1.0811
1.5321
4.4132
1.0184
8.8168
1.2165
1.5721
7.379
1.7222
4.3846
4.5148
2.3048
1.7592
4.0998
6.181
5.1933
4.7857
3.1327
3.086
3.5809
1.9331
4.0222
2.676
10.359
0.9233
7.5295
0.3318
7.0954
2.2257
5.1452
3.5575
2.4226
7.937
4.9542
2.7902
16.3952
6.0002
0.7566
3.044
13.0757
1.7425
5.4079
2.6676
3.9279
6.31
10.2725
2.2722
3.507
5.4962
3.6868
3.541
9.2265
2.1721
8.7522
1.0201
0.368
4.2532
2.2337
2.0118
1.2987
7.3167
0.8471
2.9451
9.6675
4.8234
4.4616
4.1794
10.2783
1.5628
1.7047
7.2458
1.6975
4.833
4.8073
2.3152
4.6535
5.5048
3.7762
2.8654
0.7862
3.927
0.7536
4.441
2.4791
8.512
4.5789
0.3155
2.5389
2.1009
1.5266
0.6986
8.7715
0.9264
6.11
2.2619
6.2081
1.8214
2.1346
1.9843
3.4888
4.6892
7.3925
4.3464
1.283
0.1969
3.1924
2.948
1.1078
0.9302
2.7883
2.2747
1.6545
12.5092
4.7389
1.2567
4.4663
9.1649
2.6936
5.7583
5.9476
4.3451
2.7417
3.5674
5.9266
7.437
2.724
1.743
5.6283
1.9818
2.3094
2.6685
3.4759
6.0872
4.2872
7.6896
4.6733
3.2905
4.4799
3.8881
5.0064
11.6457
0.9765
1.4969
12.7665
7.8082
7.0647
3.6101
6.473
2.9221
3.243
0.3437
2.8307
6.6068
1.3213
4.4426
2.7123
8.4929
0.5063
2.8112
9.2396
4.0559
0.9415
2.1044
7.2302
1.2415
5.5837
4.5435
1.3829
1.6528
1.0708
1.4565
6.3491
2.4135
8.7189
1.2975
2.4071
9.1086
6.4249
5.6419
5.1819
8.0534
5.8077
3.2904
2.8964
5.5232
2.2878
0.6799
2.221
1.0627
1.9326
4.9489
2.987
3.0293
1.3733
3.1669
11.3136
0.9887
3.686
7.3668
0.9284
6.9072
1.6797
5.101
1.927
6.3762
4.7378
6.1309
2.5533
1.1767
1.8134
6.8614
2.4631
2.6449
0.9605
6.4282
4.7607
1.6209
7.1997
4.3051
2.3674
1.0324
5.3089
2.7873
4.784
5.5223
4.0991
1.1829
2.6705
0.7974
6.8461
9.9037
3.4255
3.6531
7.0238
0.3705
0.9648
5.304
4.6757
1.0985
3.7595
12.6974
3.0259
4.3515
1.046
1.9301
7.262
4.7433
4.8901
1.367
2.7399
5.1479
4.2948
3.3247
3.0084
6.04
4.828
0.5822
0.6842
2.6822
10.7914
1.8227
12.4983
7.0143
2.5481
8.8713
1.8739
10.2427
0.8644
4.6468
5.8782
4.1003
2.175
6.5441
2.4754
3.8309
1.3663
7.1392
6.8234
2.286
2.4818
2.4672
4.9296
2.6919
3.5267
3.8916
1.6783
3.3546
7.6374
0.1728
1.7245
2.7657
3.0986
3.4938
5.5488
2.0136
0.6519
6.132
0.8751
0.8176
3.1903
2.2175
2.6262
5.9769
2.7667
6.9628
1.222
2.6057
4.6374
3.1556
8.5314
2.5648
3.1687
1.6341
2.4107
11.5806
2.5502
1.6268
1.7436
0.9582
3.2231
3.2367
2.442
2.8377
4.558
2.5796
8.2418
1.1881
4.5278
5.4806
4.2499
3.3113
3.2657
3.7814
4.501
2.2266
8.8196
6.3197
3.7884
1.9005
3.703
1.8052
7.7819
3.1109
3.963
2.1387
2.3557
4.6518
2.0193
3.1228
2.0361
1.2816
1.8233
8.6269
13.2381
1.2188
3.9964
3.147
0.9306
0.882
2.0323
1.8112
9.4879
3.2096
3.1833
5.3828
3.3469
7.0204
3.7475
2.7468
3.7264
5.277
2.8097
0.4732
6.5893
8.4427
10.8562
3.4432
1.6151
3.0328
7.7124
3.1497
3.979
2.0791
2.689
2.2839
3.5755
2.0455
2.1488
9.7324
1.9128
4.7576
0.1994
3.0252
2.5701
0.4783
6.4904
0.632
2.0655
2.1891
0.7323
5.1829
0.6954
6.2954
1.494
4.2821
1.5977
0.762
3.0565
2.7003
3.5996
2.6306
4.5986
9.2785
5.3911
4.0786
6.6731
1.2012
1.4698
0.9023
3.0701
6.4105
0.8649
0.9108
6.2652
2.7748
7.6456
2.1298
7.0501
5.773
4.5524
2.368
1.9815
3.1331
2.7366
3.3785
1.0256
1.3121
1.1035
4.0267
6.8784
5.9942
3.3034
3.081
5.0138
2.2355
0.9005
1.5323
2.4877
5.8155
8.5046
1.0925
2.941
0.6624
1.2769
6.5684
1.8696
1.4295
2.4135
2.6777
4.961
4.2678
5.5144
8.8259
2.9202
0.7937
10.1349
3.3244
1.5392
2.9858
7.2549
9.697
8.09
8.5398
4.9237
4.6807
0.6789
1.0856
4.3444
2.0281
2.1463
3.5447
1.1993
1.3898
2.7503
3.7769
4.5457
9.0661
2.7544
3.9066
3.6849
1.4064
5.6972
1.6472
6.3903
6.0325
2.7317
4.6489
1.6927
0.3007
4.5292
13.8595
11.7124
7.9959
2.9891
5.1795
6.7268
5.1429
9.53
1.4754
17.9096
5.1433
1.981
3.5187
0.7845
6.0486
3.8539
3.4484
3.2244
8.7499
0.5208
1.3587
6.9699
0.4261
1.3814
1.7863
0.8619
1.58
1.5415
3.7321
4.7666
4.9929
9.4723
4.9798
2.168
3.1069
3.4486
6.5734
17.9598
1.1376
1.7541
3.324
3.5157
2.8477
7.9367
2.4704
1.9056
0.2557
4.59
3.5415
3.2655
3.6781
2.0916
1.7048
2.5565
8.786
3.6406
0.4268
2.4216
1.2331
1.3753
6.5519
9.1445
8.9885
6.3865
4.3999
7.7445
2.3964
3.2226
8.1013
10.1319
2.3829
2.2449
6.5303
2.9974
3.7925
1.2347
4.0272
1.6906
8.4709
1.0492
3.5142
4.8579
7.1365
2.7207
4.0653
4.1857
16.3063
6.9829
7.6323
7.5387
0.5592
2.5477
4.5964
2.1865
7.8251
0.2004
6.6723
0.5181
0.1042
2.8253
1.9192
4.635
3.2207
4.8939
7.4588
3.4831
0.8736
2.0537
1.1865
3.8554
8.6706
4.1164
1.2314
4.664
6.6486
4.872
13.0196
0.9803
1.3022
0.9519
1.9145
3.0686
1.8547
2.9384
6.0556
2.8216
3.96
1.608
2.6589
1.4231
5.8768
5.7085
2.0545
3.1433
0.5437
6.2801
5.5184
10.415
2.3882
2.8301
0.7725
10.7393
1.5592
4.3554
3.1808
4.1675
7.2898
7.3185
0.8729
1.7304
0.4986
6.1601
4.5791
4.7202
6.4093
8.0094
3.774
4.5467
1.2199
5.5945
4.486
0.9034
3.9487
2.0619
2.9344
1.564
2.9715
1.0552
8.984
2.9244
3.3847
10.7882
8.2853
1.9099
2.2581
2.488
8.2861
2.6744
7.6832
4.154
1.9194
4.5139
1.3422
2.6683
0.2855
0.7412
2.2297
8.9971
7.8987
5.7342
2.9015
7.1835
6.5861
4.3126
3.8366
5.3776
4.5169
1.9688
4.233
1.7575
0.2981
0.8106
1.0569
6.5156
1.428
4.8338
2.5194
3.5956
4.8772
2.6912
6.2229
7.0247
2.2385
1.6333
5.0824
10.1875
7.4837
2.9381
4.726
5.5751
9.5826
6.4323
1.6172
5.8611
2.0853
6.8792
4.8948
7.3788
2.9883
8.5362
5.0633
7.2725
1.5631
3.8876
2.4434
2.2456
6.0322
3.0795
3.8035
9.9844
4.3397
6.8296
5.7701
5.5137
0.9935
5.4746
0.752
7.4938
5.7385
1.0984
0.5007
2.3245
2.6731
6.2071
0.8298
12.1025
9.424
4.4148
3.1876
0.7671
2.534
2.6454
4.3693
1.6028
1.6389
5.9247
4.3055
3.478
2.5315
4.6319
0.2548
2.8088
2.3903
5.7887
2.1772
3.6227
5.4291
7.8981
5.8541
0.5019
7.1085
0.8834
4.9937
1.8292
1.5199
0.8642
0.6245
4.3756
12.7177
4.1617
1.707
2.6926
1.8495
9.9395
5.2891
1.1024
0.589
6.7314
4.0318
7.265
6.0621
5.3968
4.4186
3.7285
4.1276
1.8839
4.1036
3.1682
6.5329
2.4438
6.1672
1.8222
8.6344
3.912
1.3096
3.7969
4.6583
7.2571
2.2303
8.5425
2.1403
5.1808
2.6141
2.2756
8.5374
6.747
2.777
1.2738
7.7085
1.3178
3.2059
4.6942
3.5199
6.418
2.2586
5.6414
1.9121
3.5069
2.9823
1.7698
2.0645
1.237
6.409
0.29
0.6946
1.2342
4.156
6.3716
9.5026
2.0415
2.5472
3.0419
4.2783
6.74
2.2525
5.3017
5.3694
2.9954
4.5952
2.4593
1.8483
4.4133
7.9967
4.18
3.5054
5.512
2.8718
5.3918
3.5074
0.7286
2.7406
9.9317
3.5229
6.9392
1.6113
1.5485
1.5721
7.9307
1.4758
2.6282
1.2444
12.2372
7.9365
5.4747
4.0568
5.2742
3.8316
3.8524
5.2484
5.5452
1.9185
0.8025
6.6976
4.6817
1.2534
3.745
1.7079
2.7312
7.823
1.9299
6.7459
1.0053
0.6273
1.4755
6.357
18.1543
5.9998
7.53
3.4552
4.802
0.6581
1.9418
8.5834
4.8789
5.9388
1.2488
2.7577
2.6322
2.0322
1.1825
1.8099
1.968
0.0927
4.0432
1.333
6.3037
10.1077
4.1528
0.8497
5.1338
2.58
11.2654
3.0329
1.6424
0.7362
0.9231
4.1611
3.6986
1.9443
1.7065
2.7781
2.5531
2.3829
5.6256
2.4841
1.5702
5.2848
5.9259
3.8495
3.3212
6.5409
9.4307
0.3918
6.5156
3.0781
1.6585
1.392
1.1168
1.1715
1.3014
4.2147
1.8152
4.0327
0.8113
2.8954
7.2671
0.58
8.0228
2.6503
6.0444
7.3138
8.4285
1.8502
0.7789
5.9239
2.7127
0.5819
4.1022
5.2003
2.2663
1.7003
5.0246
1.5892
0.5326
3.3888
3.9587
3.3663
7.9124
2.8353
2.3904
5.5356
3.3447
5.3592
0.8471
1.018
6.455
10.9955
10.4085
2.8247
8.4893
4.7793
6.4689
4.7455
1.8346
4.256
0.2865
7.517
7.8021
2.1029
3.5394
3.5461
0.9771
6.6854
1.4988
4.9279
3.2861
2.9892
6.4297
7.0367
9.5409
12.4994
1.98
3.0405
6.3447
1.4274
1.0711
12.6654
1.5034
6.0819
2.9057
2.9277
2.3034
0.9632
3.6203
1.0244
2.4432
7.4559
1.0546
8.0538
0.526
11.4643
2.2801
0.9774
1.4841
1.7806
2.7219
6.3831
0.9117
3.4169
5.8928
1.7549
4.6065
2.9608
1.8298
2.8284
0.3493
2.7175
2.7089
1.0956
2.8311
0.991
9.1793
1.9569
10.7862
1.3875
0.7502
1.8695
3.3818
2.0285
2.7431
9.5474
2.8545
6.8859
4.0005
4.5508
5.4854
3.1436
2.5689
5.6682
2.2998
1.1342
7.4998
2.8204
5.1584
4.0087
0.4334
2.4575
6.5591
4.4019
2.6953
3.9947
5.6035
0.8861
9.5833
1.8294
10.6662
2.8457
2.4797
2.0569
4.0466
7.9581
0.8978
5.1151
0.8537
2.018
2.7374
1.4038
4.8211
2.2737
3.576
2.1865
3.4745
5.3663
1.5471
3.9341
1.4743
0.5168
3.8896
5.8028
3.5287
0.855
0.9721
11.0932
3.4782
1.2226
4.8067
3.777
3.0571
10.0419
8.7959
3.6306
7.4434
1.0914
11.3959
7.9859
1.2651
2.794
4.8209
4.7811
2.0959
4.1769
4.7281
1.3308
1.6198
1.7954
2.3208
3.802
13.0663
3.0633
10.0057
11.7382
4.8475
3.3225
2.5701
6.7591
2.0532
5.0742
4.7015
4.7174
0.8099
3.6249
0.9615
2.6727
2.4366
2.1122
0.6903
1.2355
2.2679
1.9
4.2308
6.8135
10.3605
9.4387
3.6079
2.3505
0.9418
0.9818
0.2011
7.4373
8.5842
0.2474
1.0065
6.6832
3.5374
10.6159
3.5967
7.6342
11.813
5.2496
4.6255
2.6036
6.4597
3.4924
1.2539
2.3431
0.803
4.3907
5.2163
4.6022
1.3048
4.9366
11.7246
2.1658
1.5591
1.4887
1.8586
2.1095
5.6112
2.8482
10.5397
4.7854
3.827
1.9804
5.223
3.0819
10.064
3.2169
5.7933
1.4518
3.5412
4.7677
3.6794
3.3533
4.9173
9.5395
8.8734
0.5785
1.764
11.1952
5.7839
9.9786
3.9765
3.1457
1.9819
3.9729
1.2093
7.7078
9.9776
13.1918
1.3749
0.8075
3.7051
2.2728
2.0195
2.5075
5.2467
0.9153
12.5673
8.6813
2.2204
3.7344
8.3861
4.0448
6.3628
3.6817
1.0702
2.7554
6.1688
5.86
5.8733
3.1133
1.8878
2.3979
7.8596
0.9483
3.6302
3.533
3.2063
3.2045
0.9755
0.9895
5.3848
7.727
0.7956
11.3291
2.023
7.2915
4.2181
2.8168
10.3442
2.286
2.6551
4.9694
5.4954
7.1978
4.8115
3.3349
5.129
6.5591
3.6379
3.2681
4.8725
6.466
7.6453
1.7227
3.258
3.6194
1.6305
4.0251
6.4126
3.5643
1.495
7.6729
2.784
1.5427
4.6268
9.4958
3.9362
0.7817
2.9033
5.5165
4.1089
7.8972
2.8974
3.0077
4.2689
2.5733
1.5513
5.7892
2.5702
5.4216
5.3984
1.8858
2.0831
1.1594
2.6813
1.2939
10.5019
7.2644
5.0962
3.3529
7.8677
6.9222
4.7556
1.4955
2.8673
6.2371
10.6038
6.2664
2.0498
8.0942
3.2169
4.497
5.8251
10.9268
3.8028
2.0178
0.5558
4.64
3.502
2.6037
0.8041
2.7273
1.9835
6.5204
4.9294
2.7141
8.2268
2.3093
3.2593
4.8843
4.5667
5.5918
17.1059
5.2915
0.4983
2.3128
7.3233
2.2937
0.997
2.5263
3.2917
3.9155
4.1918
8.4337
2.0242
2.496
2.776
3.1299
3.4563
1.004
4.1005
1.4576
2.4264
0.7996
5.8042
3.374
2.5445
0.4138
0.6529
0.838
0.8719
12.1143
6.5727
6.6399
7.863
4.1993
7.7926
2.1355
1.1604
5.3088
4.0723
1.5285
4.5105
2.002
3.2689
5.7952
3.7172
4.3065
0.4409
0.3158
8.8308
7.9077
3.2791
8.1247
0.8037
2.5336
5.3327
1.3601
2.9896
0.9453
3.8392
2.181
1.8477
1.1712
7.6106
3.7399
2.531
7.8485
2.7657
7.7515
10.8367
0.4964
4.4837
2.7445
1.2995
7.1851
9.1668
1.692
0.7641
3.366
8.3846
3.9983
4.397
1.6289
4.5451
4.5325
2.118
3.0611
3.2619
6.8551
3.4418
0.3304
1.4335
3.413
8.9021
1.6951
2.6863
3.8835
5.7108
5.55
4.2502
2.578
7.9166
3.5389
3.2951
2.1452
2.0318
7.44
3.0704
5.4094
1.7107
7.2811
2.7264
1.1694
0.7558
3.2612
9.2311
9.0338
7.4091
0.8933
1.1271
5.3868
6.224
4.8821
1.0982
0.294
2.923
5.0884
2.0424
1.867
2.6585
3.0876
1.2385
1.7438
4.2697
5.7621
2.1926
7.7551
4.653
2.5772
2.1146
3.1852
3.0439
4.2928
1.9525
5.695
5.9485
6.078
2.0792
2.1862
0.9973
2.9544
4.0253
2.2435
3.9806
3.6013
1.3393
5.6443
2.6863
0.8613
3.46
7.2469
2.5884
9.1038
3.7521
4.8952
2.8689
2.3597
1.3921
7.2345
9.8702
8.1782
3.8221
2.3681
7.5901
5.1697
3.807
4.1679
2.6644
0.3508
1.7281
2.7404
4.277
3.4254
2.6021
5.2667
2.8247
7.2405
2.757
3.5263
2.4843
7.1813
1.2878
2.3957
16.7302
1.7946
2.6988
1.2073
5.247
0.7325
0.2046
1.2628
5.4941
4.6085
2.4171
1.276
8.4234
4.7994
8.6502
3.3592
4.9251
1.8978
2.6708
2.7296
3.2451
1.3371
3.3163
4.7312
3.1436
7.2537
1.5697
2.5323
1.9003
2.2969
4.0936
1.0276
3.7084
8.297
2.4319
11.863
2.6169
4.4809
5.8085
6.5968
3.759
5.9078
4.7973
0.4437
1.183
9.7351
1.2167
4.6793
5.1658
1.7301
1.6428
4.3946
2.2893
6.1863
2.2111
3.9103
5.4963
0.8719
5.272
2.1227
0.7026
12.468
7.7304
2.3853
0.4576
6.9902
1.72
9.5312
4.1432
7.4788
0.9925
3.0259
4.9549
2.0624
4.4585
2.6654
0.856
2.6668
2.8834
4.969
2.9452
3.5187
1.989
13.6507
3.6734
0.7886
3.7233
3.0782
5.9817
1.5329
3.2943
1.9947
2.1571
6.4605
1.4647
4.7927
1.7634
0.3431
6.2957
9.1222
2.5287
4.842
1.1309
7.556
0.7825
3.2615
1.3018
4.8212
3.2715
4.7519
1.9206
6.624
3.2887
2.9813
1.2639
2.8587
0.9731
4.6614
4.7049
4.637
1.2674
0.8586
0.0696
5.0422
4.5555
3.8684
1.8996
7.7152
4.066
3.5763
2.6409
3.457
4.3339
2.5152
12.5063
4.065
7.8874
4.1896
3.8083
1.9905
1.6481
1.9405
1.5838
2.1999
3.3838
3.7176
5.7001
2.699
4.7319
2.6103
1.8833
1.0586
1.7646
3.2156
1.7429
2.6257
7.0119
3.9187
0.5098
1.0002
3.5437
2.3305
1.4996
5.5903
1.4344
1.1217
0.6111
9.9993
0.8837
5.2469
4.5781
4.1795
4.9531
6.2313
6.1992
8.4266
2.9051
2.3151
6.0045
6.5713
6.4234
5.9244
6.8428
5.3084
8.0749
1.8353
2.9897
4.5654
3.3408
1.297
0.5638
3.9238
0.9439
7.365
3.9218
3.4882
8.4698
7.0551
0.4303
1.5459
2.0539
1.1014
1.8303
1.8129
1.0706
1.2316
3.0892
2.337
3.9928
4.6044
5.9991
6.112
2.1143
8.6577
3.8577
2.2451
3.2187
1.8886
3.9568
7.9705
2.167
4.2153
4.799
8.511
6.0176
3.4466
4.5052
6.9538
5.8894
7.1401
3.474
2.8836
0.1533
6.1151
6.8672
0.9746
5.2791
2.437
5.2996
7.2501
2.498
3.3225
4.8885
3.5825
1.0326
10.053
2.1309
1.6954
6.1786
0.9013
3.7255
8.637
3.2574
6.3512
4.3399
2.4875
0.8271
7.2481
0.9889
3.8672
1.9208
3.7739
1.1235
0.8726
0.3497
4.6774
2.5387
5.3984
3.3529
3.7558
5.7075
2.8784
10.6086
4.6953
8.512
9.185
10.1565
1.9689
4.0537
1.7517
2.4181
2.6078
2.4126
1.0877
2.4258
3.6768
1.5097
5.7138
5.0016
2.7304
6.9056
3.7361
4.1025
2.2644
1.9131
1.5925
7.4584
1.4218
1.1073
2.4782
6.3883
5.3452
4.1331
2.0442
2.0221
1.6664
1.184
9.1694
2.454
11.909
1.8896
8.8384
1.809
1.0735
4.7588
3.31
6.6653
2.3028
2.0779
8.3348
10.0918
0.8892
14.1319
2.5632
5.2004
2.6489
2.632
4.0173
9.4311
2.1264
3.3605
12.9816
1.0559
3.5804
6.0674
2.9662
2.4717
14.3765
1.6543
3.9816
7.8644
4.5844
7.1707
1.5122
2.7199
0.5282
4.8359
2.4078
3.5537
8.6493
4.1434
4.4482
0.2156
8.1053
2.6167
7.3403
7.4971
2.9505
4.1429
1.9519
2.7692
2.4452
4.5636
8.5652
3.4834
1.1466
8.5356
3.6968
5.6219
2.8554
4.6788
1.8487
2.2233
2.869
2.8954
1.1106
1.3558
0.8394
3.1668
2.5612
9.1389
1.4639
1.4528
6.2391
6.6229
4.7077
1.8345
0.3074
4.6386
1.1206
3.6534
3.7017
6.6959
1.2903
3.4551
7.0817
3.7841
4.8584
2.4956
5.3063
1.8369
1.7051
1.1045
4.4799
4.173
9.5675
6.235
2.5313
3.6827
0.4008
4.4406
6.8772
1.223
5.8363
7.5319
1.4673
1.0276
2.9971
5.3025
2.7618
0.4448
0.6632
11.8956
2.3293
4.4389
2.8501
1.7695
4.729
1.2894
1.1921
1.3099
7.3165
6.3883
1.8205
4.2154
1.6977
1.569
4.1775
3.5874
5.5668
3.3814
2.1979
6.4423
2.8764
1.6184
4.2858
9.0608
3.0024
1.7371
1.51
10.9954
0.0989
2.6496
1.2664
3.7338
5.7355
2.2301
1.5595
0.2992
0.8111
2.1688
4.6007
2.993
5.5966
6.4427
1.2227
4.8432
3.2523
0.5182
1.2219
6.4812
2.6138
3.2777
5.7979
2.1615
1.9985
0.5798
8.9264
6.8846
2.9703
2.1518
5.2669
4.2943
4.7764
3.3815
2.2771
5.3968
6.4935
5.364
1.4495
1.3427
18.7163
3.8306
2.0904
2.7262
8.6221
8.1734
7.9397
2.461
1.7428
6.5506
11.0207
1.8083
3.9443
0.5694
2.4461
3.1879
0.6819
3.725
7.7185
1.7156
2.5125
7.4403
0.4013
2.0425
3.1793
9.8163
4.4558
4.1576
7.5596
6.2
4.8603
0.4261
11.8894
5.8714
14.0609
10.6499
2.1427
5.2753
1.9661
3.4801
6.2111
4.729
4.676
6.3648
6.1733
1.8101
2.6349
5.3764
5.5727
2.0061
0.9253
0.426
9.0375
2.0522
1.5333
7.2521
6.9992
0.3035
1.9642
4.1228
1.8633
0.9781
7.751
3.1241
9.8862
2.1096
14.4963
1.8959
2.9835
1.3892
3.6104
3.2201
8.1915
7.2966
3.4421
5.1857
2.7301
2.6051
4.5025
5.4032
0.5723
5.3439
2.7173
1.8317
5.0137
1.8022
3.647
7.2334
7.131
3.8016
28.5177
5.6485
6.1581
4.2796
3.0945
6.1587
4.7255
0.8367
2.9899
2.9065
3.5534
9.838
2.1674
1.5519
5.6209
4.2272
2.942
2.3205
5.6131
1.3096
5.3627
0.9574
3.1069
0.5283
2.1198
2.0311
0.9103
1.0049
3.1586
0.8398
3.2826
0.6646
2.7551
0.5722
1.1437
3.7399
5.4336
7.4148
1.3564
1.9102
1.6076
0.6197
6.5265
2.1634
1.4519
5.9569
4.1609
2.5358
1.5135
2.198
4.608
6.79
4.4731
5.4669
4.8162
3.4158
1.5884
3.6268
3.1957
0.1636
7.2063
2.1043
5.7152
4.5551
4.0257
1.3805
0.3265
0.3
4.0138
2.4104
1.4741
0.2414
2.8356
1.8006
3.7064
1.1962
2.1855
7.8054
5.2789
6.0196
4.6343
0.9835
4.2495
2.149
2.6482
3.3123
0.199
1.8271
3.3129
4.6628
5.6026
1.3647
4.1505
9.0781
7.1107
8.7806
4.0222
8.6212
6.3714
2.6466
7.9812
1.8198
8.8454
2.3943
2.0157
1.7632
8.24
8.079
2.2144
1.2455
1.0997
1.0603
7.9716
1.0742
2.6067
6.4114
1.2844
5.8982
4.7682
1.8245
13.1108
3.0602
1.8848
8.6772
1.9789
2.8044
1.1398
3.844
8.0921
7.1708
2.1258
4.0685
1.8976
0.8241
3.8706
11.0788
13.0177
9.7186
2.7516
2.9869
5.4386
6.8206
1.8214
0.5859
2.1035
14.7408
5.2204
3.7766
3.1154
3.5184
4.0191
3.2721
4.9816
4.3757
5.6974
3.9522
1.9734
3.3717
1.6042
2.7451
1.0707
3.7442
2.6823
5.3692
6.0759
3.7198
4.5323
8.0638
3.163
0.3552
0.1358
3.1417
2.1171
1.2356
1.5801
1.5941
7.5082
3.782
4.2411
1.6341
5.7734
6.6129
1.2522
4.6961
4.0563
4.9857
2.3652
5.1875
1.4108
3.4458
0.7336
10.333
5.3189
2.5398
11.2839
0.5121
1.252
5.1955
2.5715
6.9934
4.224
7.7598
0.7703
10.152
8.7881
1.3322
1.7292
3.5668
7.782
2.5272
5.7841
1.4044
1.3832
4.7905
3.6987
2.2894
9.6332
2.3811
4.3535
2.5965
1.9526
1.2971
4.056
6.4938
4.2241
0.9311
6.5625
1.4816
2.9396
1.2186
9.1168
3.504
1.0221
2.535
1.5833
0.6631
1.591
1.9981
1.9432
0.5386
1.3464
7.4487
3.914
2.1591
1.9086
3.4693
9.6513
3.0347
0.7869
1.2672
4.2647
6.5273
6.2106
1.7469
0.9933
2.8971
3.0428
1.1196
0.3635
5.2252
6.7706
2.9808
5.2964
4.1237
0.697
1.2754
3.6351
6.98
9.9903
7.2868
5.3825
5.148
3.4565
17.0755
2.4224
8.1956
7.9799
3.5505
2.8375
6.8591
2.8309
3.1755
4.195
3.6704
11.3335
6.7826
6.2112
1.743
4.9121
3.0343
3.9705
4.1005
5.1165
9.2634
0.8769
6.891
6.9958
6.061
0.869
4.4233
3.392
1.1444
1.3572
2.5818
2.7245
0.984
2.1488
4.53
5.1265
8.1913
4.9477
1.3258
1.4478
3.2735
6.9415
2.8892
2.0786
5.4838
2.3644
3.7119
11.291
2.5693
3.3141
5.8037
6.9162
3.7785
2.3124
3.5479
5.7984
1.4162
6.4473
7.0628
7.3391
15.0768
0.8119
4.1065
4.3931
9.5588
5.9274
3.348
0.9097
2.1981
5.0426
0.4456
3.0227
2.0577
1.4946
4.0129
4.8852
10.1803
0.0427
1.4432
4.8559
1.0159
5.7302
4.4656
2.5244
11.5844
7.2142
6.9277
1.2029
1.0472
1.8433
1.2579
4.5345
1.4529
1.343
7.8479
2.2793
9.6807
2.1861
1.0561
5.3929
0.7749
1.0564
1.8406
1.5673
2.592
2.3799
3.9421
4.2717
4.7209
0.6926
2.2704
2.0955
6.1849
2.9701
3.5053
3.6005
1.2232
1.9362
7.5831
2.945
2.6288
5.4526
1.7154
1.8726
1.1458
7.3515
4.5935
5.0041
3.8157
2.1892
2.8042
3.1488
1.7443
2.3739
0.9394
1.5411
3.7107
6.0034
0.6597
2.1947
2.4122
5.5409
5.2051
6.4364
2.7332
7.2111
1.0803
6.4489
3.7443
1.207
7.2032
7.641
4.0742
4.6777
1.3274
6.7089
6.9077
5.1839
0.8198
10.1737
2.9462
3.015
1.527
4.4822
1.2657
1.9739
0.4808
1.7738
0.0702
11.7194
8.2293
4.272
2.9143
1.4141
4.5363
4.4009
3.6874
1.8721
4.2036
3.0252
8.2054
0.1619
6.4468
8.2933
1.8258
9.0337
3.191
5.423
5.3169
1.5295
6.3749
3.5124
3.0249
2.5145
3.015
6.6626
2.8784
2.9398
0.8551
2.6212
10.8475
1.6486
5.8238
5.5406
2.0142
2.5399
3.1949
1.2803
1.6071
2.6716
2.5235
7.1932
1.7947
0.3644
5.0536
5.8914
0.9399
6.3188
1.7864
4.8713
2.8602
0.4996
11.7762
1.1717
1.0435
5.6006
1.7261
7.3856
1.9349
7.2574
6.4225
1.0201
2.5589
1.21
3.6282
6.658
2.5399
4.0067
1.9365
2.1422
1.5169
5.0202
5.0842
0.7221
3.1207
1.6101
2.454
1.3116
1.8425
4.489
6.9707
0.7609
10.2196
1.6237
3.4522
5.5594
4.3492
5.8196
2.5197
2.7355
5.2918
1.324
2.8621
14.2352
7.4803
2.3813
4.5619
2.959
1.5063
3.5834
4.3122
7.1879
6.4902
1.6393
3.7825
2.8622
2.334
7.7603
1.843
0.4931
10.5919
4.9229
0.6941
4.14
1.6405
1.2127
1.8942
2.3927
5.5857
6.112
2.1206
6.1343
5.069
2.3795
9.1708
0.6288
0.9866
6.3635
1.2443
4.6894
5.2385
1.5056
2.1117
1.4413
4.5082
4.5121
1.4488
2.1112
4.2973
3.1961
9.3971
1.7888
3.0223
1.7655
2.9206
4.0459
3.0509
1.8569
3.2866
9.9063
2.1828
4.3542
0.7505
4.0428
2.401
0.6095
0.728
5.8927
8.1743
1.4399
2.6937
0.6213
2.5613
7.2993
8.2167
2.0799
4.9052
3.4363
9.362
1.3111
2.0035
2.5064
5.1162
5.1002
3.6543
6.6035
2.2869
8.4287
12.5348
2.6207
11.0176
1.0994
2.7687
4.8988
1.7403
5.283
4.6729
1.7582
4.7948
3.6545
4.4253
3.5073
5.9921
2.522
12.0584
3.3278
2.5378
1.9573
8.1532
3.8793
8.1258
5.5411
1.3504
4.9051
5.2088
2.5204
3.4333
3.1004
2.4242
2.9585
8.897
1.5358
5.5486
4.1924
3.9964
2.9767
1.826
5.1359
0.5682
1.4055
2.6133
8.4873
6.1718
6.3103
2.1968
0.2431
1.9812
10.1811
4.3161
2.4525
8.6783
1.5553
1.2782
8.2336
5.1482
6.69
3.7417
2.1535
8.9312
5.497
0.3682
0.3499
3.1658
10.2593
1.4048
2.1946
1.6609
0.2751
1.1071
0.5649
8.0936
8.659
1.5032
1.7353
2.9359
4.956
1.1659
8.6719
4.3752
6.1395
4.9045
9.7504
2.3447
2.696
3.5172
5.0777
0.2904
5.0903
9.7025
3.4247
3.8317
2.9225
5.0526
1.9329
3.1926
5.8381
1.1515
5.1456
1.213
2.9804
6.1168
1.8283
7.8013
5.7691
0.5436
1.084
2.5148
9.9648
1.5003
3.0949
5.0186
1.7908
7.7792
1.2347
2.3027
4.6344
5.2224
3.3761
3.5127
11.1773
9.0416
0.5985
2.1305
4.1091
3.2129
4.7129
5.055
1.9847
7.0826
5.5691
10.1953
4.2152
1.4759
2.0691
5.9361
2.3802
1.1997
14.1989
1.8898
4.5909
1.2337
6.8161
9.789
2.5455
5.7619
10.0028
2.3708
1.5183
4.5822
2.4246
6.0201
2.0916
3.8389
3.6647
2.1956
1.4304
3.8916
4.6839
2.9174
7.0453
8.5808
0.8931
5.0921
4.4276
1.7376
0.3637
2.4099
5.3693
1.4862
5.1541
2.4558
2.3144
8.0553
8.2265
2.2598
4.0227
2.5705
5.6325
1.3274
2.3081
1.6997
7.2588
3.4684
0.1501
5.6437
2.5773
2.3052
4.2359
5.4734
7.1496
7.9087
1.6113
2.2994
1.0797
0.9502
1.2843
0.3092
5.3707
10.7861
0.7502
8.4389
3.4654
3.0601
10.7383
6.8957
6.137
5.0068
3.2044
3.4185
5.9095
5.5831
2.8832
7.938
5.3281
7.8089
2.2511
2.6373
1.7541
0.5994
4.6182
3.9585
3.048
6.5036
3.6027
2.8789
1.7744
2.026
1.3348
6.7915
1.9206
5.0571
6.3549
4.299
1.7175
1.9013
3.3531
0.7871
7.2005
2.6713
1.804
3.7045
4.4924
3.5443
7.757
5.3445
11.2948
1.4463
4.7179
1.8764
2.5002
3.8613
2.5344
5.7294
9.4305
1.0586
3.6293
2.4559
4.5914
6.7497
4.776
2.1499
2.1524
3.639
5.9851
7.6742
3.9297
1.5237
4.0909
1.0843
11.0814
3.9219
0.3762
4.7193
3.9454
2.848
5.0173
7.7588
5.228
0.4796
4.6928
2.1449
2.6952
7.1479
10.7707
1.2704
0.8866
1.1281
8.0979
4.5535
9.1326
0.8797
3.0593
4.6362
2.5394
8.1463
5.1385
8.5716
4.4984
0.5336
2.8256
3.3547
11.2756
4.8359
0.4332
10.3124
8.1393
1.0437
2.84
10.4997
10.8397
5.7071
6.533
5.1989
2.2495
2.3225
3.9053
0.5141
1.3827
2.0857
4.2686
2.124
1.4817
7.2069
4.7149
1.683
1.8955
0.5399
2.1932
5.1152
7.0487
1.6307
6.3209
3.0871
3.2267
0.7203
0.2795
1.478
0.3103
3.0484
13.3457
3.8954
4.6921
0.8917
1.975
2.8361
2.161
0.4362
4.422
0.9992
4.7183
2.0308
4.4206
8.6205
4.8832
2.1617
0.8746
1.8666
3.3742
2.4812
1.2011
1.1567
7.7005
4.6784
1.9452
2.8946
4.577
5.8186
4.2455
2.7796
3.8448
2.3695
5.322
1.2735
4.3442
4.1518
2.0636
6.895
3.5769
1.422
0.9371
8.0288
5.0937
0.4292
4.2463
2.2923
8.4779
3.3489
5.508
6.1801
2.6782
5.6851
5.9143
10.2974
7.3377
1.1733
2.0584
1.0934
8.1988
3.1577
3.2676
2.0482
5.3881
1.0579
2.5518
1.3958
9.0617
0.3
2.6896
1.7474
3.3363
0.6087
6.1497
0.8236
2.2085
5.0711
3.3688
7.5322
1.4348
5.5021
0.4857
8.1209
1.3185
1.7539
3.8982
3.5059
2.567
1.2416
5.6595
4.6398
1.6557
0.963
1.761
3.3423
3.1369
13.4469
3.9234
13.2121
3.5237
9.4848
4.0586
1.8924
2.686
1.1041
3.5096
3.258
5.2806
2.5077
0.4568
2.1586
3.7665
6.1335
2.583
2.7065
2.4801
4.1478
1.9928
1.8996
1.1547
5.3135
3.6639
7.703
2.3349
5.0238
1.9127
2.0821
1.2305
4.1216
3.7342
0.4739
4.9557
1.176
4.4496
12.1387
2.6064
1.637
12.0329
3.9499
3.9952
3.0589
4.5792
0.9898
3.6349
4.5297
7.8009
4.3032
3.7082
2.8994
4.6142
3.0704
1.4705
8.6368
3.3856
7.1576
2.1721
2.9981
4.5583
4.5815
1.0843
4.8454
6.0475
4.3138
1.7807
6.8737
1.0877
1.6809
4.4828
4.0367
4.8516
1.9761
1.8895
6.3979
3.6946
5.5618
18.9776
4.2152
8.2556
7.3746
5.6182
4.8419
0.6627
1.4517
6.9301
5.8938
9.142
3.3033
6.331
1.9796
1.2062
13.7201
2.688
2.3968
1.2222
9.3443
7.2413
3.5435
4.9507
3.8072
1.945
4.3414
1.2102
4.088
2.4381
1.7622
1.6207
6.2089
2.2345
0.5029
2.8
1.1322
1.1064
1.0519
4.1277
4.4432
2.3026
0.4733
3.6606
1.9327
9.6441
2.2692
3.7595
2.0671
5.8963
0.5987
1.6028
5.2877
1.0749
7.7434
2.6294
9.3538
5.7819
2.4369
1.0035
1.9155
4.3111
0.53
0.5543
5.877
3.621
6.3765
4.0948
3.658
7.6142
2.9501
2.7769
3.1839
3.3598
0.5801
8.687
6.2167
0.857
2.2184
1.6544
1.9722
2.7405
5.889
2.6619
5.3428
1.5752
4.2478
1.6477
2.6878
0.8755
2.4728
7.4584
1.2312
6.3282
10.2598
2.2088
2.8231
2.6414
2.8305
4.388
2.42
7.3679
6.0771
7.9305
4.9214
5.8466
3.3018
0.7373
1.5486
6.0638
7.0956
0.848
1.9787
3.6616
7.3661
7.0335
4.5271
11.1124
1.3022
1.116
1.3225
2.9177
3.4279
2.4413
1.2433
3.1405
1.5698
7.4401
8.1636
2.2967
2.9958
1.9478
3.5893
4.7893
4.0173
2.643
1.0677
7.0765
3.5949
3.1842
8.11
3.7818
6.1826
1.3542
4.31
2.6707
4.4611
0.378
6.9674
3.0651
2.0954
7.2455
1.0425
2.3907
2.925
2.8679
6.9693
2.9552
3.0703
6.6604
4.1933
11.5694
2.3995
0.7796
3.0227
3.4212
1.8127
3.3451
3.2298
3.2249
3.9489
0.9786
3.2979
9.7199
5.6074
6.3542
1.5823
2.6017
1.2604
1.8582
3.3579
4.2569
3.9133
5.0851
12.0457
1.2768
2.0291
6.5388
6.5031
4.8873
4.321
6.181
1.1542
1.6495
0.1768
3.896
10.1926
4.3267
3.4103
3.1369
1.5626
11.4803
0.7093
2.9384
2.4585
2.2821
3.3061
4.3564
5.179
0.2242
3.5753
2.51
2.7331
10.6428
1.1642
8.1751
7.9076
1.8809
0.9397
3.1864
7.8573
7.6492
4.1931
3.425
0.8121
0.7626
3.7248
1.9797
0.674
13.5695
2.661
10.1415
0.9074
7.0511
3.8337
1.8824
5.4268
7.1431
2.732
8.5333
5.1405
0.3771
2.122
1.704
5.0934
3.7885
3.7619
3.1747
2.5702
4.6022
5.6061
0.3953
1.2304
9.6377
3.2579
0.8239
3.5547
12.2276
1.4337
1.1107
1.5367
0.7271
4.8906
3.0774
4.9235
5.0866
1.6481
0.3013
0.8714
4.2012
4.0208
5.834
2.9785
3.5145
1.3803
3.6961
4.4467
1.4414
5.5716
0.6885
1.4138
5.2012
5.3289
2.1215
2.0633
4.2969
18.6075
1.5617
3.1639
0.3834
2.4355
2.2939
0.7744
1.7857
3.1408
5.5788
1.7571
1.9814
2.4154
5.9112
3.0592
2.454
0.8331
1.7035
13.6662
3.8761
5.1261
4.6467
9.7748
8.8153
5.1837
1.9145
5.6877
5.5398
8.0685
2.6629
5.5299
5.3256
0.3406
4.051
5.8681
2.0175
6.3814
5.5265
3.3336
3.6123
1.746
4.1456
4.5121
7.4143
4.7229
2.1279
9.7415
8.6455
1.4069
2.5771
4.9092
5.3593
0.3724
2.2579
1.8088
2.0172
7.1265
3.369
5.837
6.4565
2.3067
8.1316
4.3452
6.47
2.9294
0.5142
3.7482
0.9639
2.8474
4.7228
1.4879
3.8615
5.3619
1.4054
1.0038
2.8096
4.1399
1.4284
1.6679
7.29
3.6601
3.4614
3.1352
4.6367
0.2037
0.777
2.2916
4.3103
1.8086
2.1993
0.6811
2.0701
4.9804
1.1664
1.1285
4.7318
1.8887
2.2161
4.5005
2.9764
1.8734
1.0166
5.0771
3.4448
3.3607
1.1029
2.7325
2.3522
0.9619
22.4478
1.3013
1.8584
3.7489
1.5703
6.8354
2.3058
3.1692
7.0627
1.1629
3.5811
5.3627
1.0598
8.6927
2.7925
2.95
5.5068
6.5694
6.3909
3.5191
4.2586
0.7979
5.0576
2.8767
3.8393
2.0405
1.2877
11.0469
5.4028
2.1764
1.6875
1.7109
3.1431
2.8029
0.8391
4.4099
1.9546
2.2882
1.5727
0.1838
4.1165
2.5355
7.3999
5.2375
3.2738
2.5739
2.6598
1.7184
3.9334
2.307
3.6256
1.1458
1.8053
5.5974
6.6026
1.5419
7.9848
3.9021
6.1204
4.7462
0.4337
7.2469
2.1472
3.1691
0.3188
7.9035
5.8226
1.1564
4.6291
5.3723
6.1308
1.3649
14.5466
1.476
2.2292
4.3376
2.0091
2.2589
1.2471
2.1771
6.5728
6.1916
4.7686
1.8969
0.7057
4.1728
4.3012
1.5688
5.9126
1.0688
3.7654
5.2011
0.6567
1.2421
2.8653
5.7659
5.377
3.6044
4.5042
7.6951
7.7904
0.3529
1.6985
1.0049
8.565
4.1833
3.897
4.5122
2.1569
3.1982
1.982
2.9275
4.0052
10.0178
4.2817
0.3342
9.112
8.6593
7.217
2.4685
0.7988
2.3686
2.0964
1.7734
1.8584
4.0303
5.2316
6.5954
5.0524
1.1967
1.8976
5.2726
1.0572
6.2306
6.0434
5.2033
2.0134
6.4202
2.1434
4.3526
1.7673
4.2388
2.0977
10.8543
2.7323
5.1105
4.5827
3.3101
1.3398
0.8041
3.2631
1.2787
2.3054
7.5363
1.7356
4.2691
4.207
1.2588
3.4321
6.0967
2.4764
3.1898
3.5427
6.8652
3.4043
4.1424
3.5981
0.9028
6.5685
4.22
10.1757
5.648
2.633
1.7653
5.321
3.3893
0.4106
4.7346
5.8449
0.7093
6.2006
4.665
3.9261
11.6034
1.5182
0.8594
3.6412
5.9427
2.6858
5.2628
5.8037
2.2111
5.5769
1.8554
3.9879
0.5114
5.4079
5.2302
1.9069
3.2343
8.3916
6.2359
1.0582
6.4255
4.5778
0.4059
1.0653
0.6894
1.748
3.821
1.5219
2.2684
1.0732
2.6956
0.9736
2.99
1.2311
0.9571
5.1001
3.5467
2.3594
7.6458
1.0989
6.1827
1.104
1.1267
3.2282
4.461
0.5762
11.5668
0.9546
7.8991
1.0085
3.0835
2.1609
3.0774
3.3609
5.9878
0.9047
8.8661
4.6721
2.9775
7.039
3.3518
3.8622
6.2164
8.0578
0.8924
1.6154
7.2493
1.8925
0.7514
1.1163
3.9244
2.7825
7.1954
3.9852
0.8328
4.1298
2.4526
12.9503
3.41
5.3261
5.8726
9.5051
3.1411
4.0539
2.8836
14.6435
5.0447
2.1848
3.1586
1.8902
2.6297
6.998
1.5786
1.9683
7.0601
7.0059
2.8309
1.0919
2.0021
1.0943
2.5937
1.1165
2.2148
3.5769
5.224
2.0639
4.6616
3.207
5.3463
3.6759
5.3255
5.2441
1.3078
3.8438
2.5464
5.0022
1.4928
2.4212
0.3726
5.6442
8.747
1.4757
2.5478
1.632
8.2687
6.2236
0.1988
1.0059
1.3374
4.2418
4.9919
5.2157
5.3972
1.6449
3.292
2.4383
1.9858
5.7958
5.4233
2.2918
0.7251
0.228
3.2133
2.5492
3.1907
6.3877
3.3957
7.0309
3.3853
2.6637
7.1915
3.7651
9.143
5.2763
2.7011
2.5036
2.2576
1.1382
3.8212
3.4557
1.8831
4.6529
7.2861
3.3472
11.0711
1.7756
4.4153
2.4425
2.7591
1.0789
1.6947
1.1068
7.5071
4.3814
2.5336
4.8159
1.552
0.9386
1.672
6.4725
5.684
3.38
2.5623
5.818
6.1087
3.9804
1.6512
3.7373
1.9607
4.8866
3.3967
6.1885
5.6324
3.2716
8.4001
9.1725
1.2842
10.642
2.2908
1.5623
1.5227
9.2108
0.8357
3.4338
7.3287
2.0483
0.303
10.1331
1.8734
5.2823
6.552
4.1395
5.9931
1.6905
1.8237
1.5373
1.2901
2.6732
2.8859
2.9094
1.3923
2.1738
6.1691
2.0163
7.322
4.4674
4.6501
7.3533
2.0695
6.0401
3.0006
4.8459
1.2506
6.4055
5.5129
7.9067
3.3239
2.9313
0.6262
6.2858
1.5435
0.816
5.1198
3.3856
8.9665
1.4607
0.9779
2.3263
3.9906
2.1504
6.1726
4.3519
1.2079
1.0031
1.3166
3.2837
2.533
1.888
0.6553
1.8662
3.0899
3.5236
3.8688
0.3137
1.2986
9.032
1.2348
1.2885
5.3672
3.8367
3.6739
4.6359
9.3299
0.8404
14.7848
1.0357
2.8522
3.6396
6.0366
3.1536
14.4479
1.8555
2.2771
3.2159
4.4717
2.0209
8.1245
4.2026
10.2322
1.5534
3.1523
3.4512
4.8702
6.1667
0.6019
5.8899
3.3389
11.3265
6.0261
1.2636
2.0742
12.9298
1.6453
4.2308
4.0811
2.8696
5.246
2.1504
8.8463
4.9736
2.9971
1.9243
7.1766
10.3449
8.7567
1.8073
1.6563
2.0669
2.9702
6.2085
10.5662
8.5332
3.3623
0.7917
2.4808
4.3263
11.0376
5.7745
0.4307
6.5626
0.9862
6.6484
4.7152
1.7319
0.8603
2.9855
1.8301
6.909
1.8683
9.7311
0.8778
1.1259
3.0443
1.7304
6.7432
2.9629
2.7671
4.1371
4.3673
4.6676
6.7737
0.619
0.7511
1.0464
0.5421
3.2649
1.7459
3.9679
5.4186
5.6321
4.2239
4.4153
10.3315
1.4446
5.9781
3.202
6.3243
1.7795
3.4591
1.5774
2.8063
1.3393
7.3125
5.5112
2.2924
4.2166
2.2557
5.5854
4.8661
4.559
5.0705
1.7679
0.8286
9.7842
7.9371
9.201
0.7496
0.7404
2.1872
9.1151
1.9526
4.8173
3.3944
2.9745
3.3858
2.6112
3.3793
6.6179
18.2948
4.5802
2.343
1.4669
3.2656
1.809
3.4791
2.9255
3.3718
0.7654
6.779
1.4437
7.9551
17.3175
4.9942
5.0943
7.6347
4.5986
2.3125
1.1427
1.0742
1.2422
11.0212
8.418
1.2549
7.8658
3.6742
10.2469
0.9144
1.3023
6.0105
4.1888
3.8195
2.1694
7.5232
8.9629
3.11
4.1565
3.8828
1.7958
3.3227
1.6589
1.5526
2.4696
7.3128
8.5844
2.9435
1.3891
4.8484
4.1724
2.7254
1.5595
8.9056
0.5128
3.3924
4.573
3.7607
2.541
10.373
1.7735
2.9374
5.6543
7.8391
13.4039
6.5272
1.1975
1.4905
4.5285
1.7416
2.6789
1.6549
2.8287
1.8256
2.3541
0.9798
2.0246
6.7647
4.0837
2.2085
1.2907
6.8151
7.1625
3.2324
4.3764
5.7067
4.6225
4.324
1.5108
1.1246
7.6986
2.2455
1.2483
6.6884
1.9627
1.9079
1.3593
1.3906
1.3123
2.8551
3.9881
2.7147
1.6447
1.8455
5.4734
2.034
6.8738
7.7314
2.1944
1.1653
3.952
4.1475
5.5151
4.5156
3.2105
2.8292
1.0737
5.6251
9.0106
2.863
4.8084
9.351
1.6104
4.9462
4.8328
7.1227
1.3266
4.0357
3.317
4.7584
6.65
1.7195
0.7283
5.4577
1.6654
7.9548
2.4454
1.0908
0.7206
2.2141
0.7566
0.8572
6.9319
10.7005
3.2762
4.3637
2.3413
10.0809
5.4766
7.8856
3.5124
6.1142
0.6554
4.1738
4.3019
4.9743
6.2823
0.5638
0.5631
0.9207
2.3419
4.0916
0.7323
3.6639
2.2047
3.2194
0.3706
4.0877
5.7817
3.7946
5.2382
3.5597
0.857
4.7751
3.6677
7.8035
7.8349
7.2427
5.8641
4.8435
2.0859
2.7779
6.512
6.791
3.3247
7.3968
3.921
0.6202
5.6401
2.7728
1.9146
1.9736
3.0158
7.0708
7.5592
2.9565
1.2554
5.1873
2.2657
0.7025
6.2754
4.6617
4.4318
5.0637
4.0402
2.5403
0.4768
1.3032
0.9705
2.6333
2.5449
2.3266
1.5793
2.403
1.8735
1.1489
7.5993
4.1993
3.6211
9.2149
3.7585
9.4555
2.5611
4.7632
0.7494
6.5771
1.6104
2.3306
1.9659
4.0767
4.2707
3.923
0.5924
0.2311
5.0913
1.8862
3.1026
4.7701
5.5976
5.2249
6.6461
2.3231
2.1359
4.3416
0.5153
1.9912
1.88
5.7016
4.5584
6.3041
1.4305
3.4516
5.7176
3.6286
5.5094
2.1717
4.6526
11.0903
3.4297
1.5212
2.3156
5.5329
3.0614
5.6146
2.58
1.3467
0.1836
3.4445
0.9141
2.962
3.6105
7.9144
3.8666
0.7369
4.5552
4.3639
2.3098
3.4714
6.9621
5.0104
0.8387
7.7449
4.8309
8.1399
3.2516
0.2405
2.3531
4.925
0.2844
3.8695
3.2975
8.8177
5.3386
5.5793
3.5871
3.9437
6.5731
1.9195
5.4799
2.5135
4.2967
7.1374
6.0611
3.467
2.9064
1.5163
3.9483
3.804
5.8242
0.2488
4.9379
7.7537
2.8522
2.2729
0.542
1.3032
2.807
2.401
4.8372
5.8766
7.6621
5.7923
3.2493
5.3917
7.3089
5.725
1.7589
0.7706
8.8302
0.5292
2.4384
8.2126
6.1981
4.2228
0.1501
1.9326
7.1999
1.5072
3.1009
3.8496
2.8519
4.0507
0.5483
3.9695
4.5046
5.1292
4.9013
3.1014
0.6961
3.027
6.8383
5.4493
2.0807
3.0506
2.5524
5.5789
4.4211
4.7262
3.2657
3.207
3.8715
3.9001
4.4669
1.0399
3.7287
2.5135
3.026
5.0931
1.4859
6.9079
2.7056
8.1646
5.7567
12.6015
5.5242
1.7887
8.0475
3.9037
1.5454
4.9806
0.2484
2.6761
5.3362
2.9242
1.9522
4.5493
4.2344
8.8387
9.0183
2.7315
0.681
7.8711
7.1126
5.262
8.6218
4.4489
1.9393
4.6361
6.484
3.0633
2.3216
9.7946
2.7089
2.2284
3.0221
6.4801
9.1637
14.7215
9.5365
9.7748
3.0279
6.75
1.6761
3.2516
2.2511
3.6975
1.2471
6.8799
2.9027
2.7121
1.8047
2.7104
2.8784
13.8594
3.2456
2.8297
6.071
3.072
0.7735
0.3153
1.9291
8.2691
2.8888
1.3346
2.6209
3.0973
2.0439
2.6339
6.6898
1.567
3.6157
9.7489
5.5806
7.1639
16.9744
2.6589
4.5261
1.7253
11.6003
5.006
0.5609
6.9633
7.8758
3.0622
6.577
0.1428
0.9659
4.2025
1.3274
0.4583
4.4633
3.2768
2.9514
12.6935
3.0584
2.3025
1.1204
2.0327
8.4948
0.8548
3.1109
3.4509
0.7818
1.2221
5.1038
2.7172
5.0977
2.916
4.5577
2.6384
1.8681
1.1218
2.9704
5.5856
1.3184
1.8143
8.6453
0.2287
2.6404
3.286
1.7791
8.1808
6.2729
2.4106
2.8916
3.3108
0.5836
4.4591
5.3081
4.7371
1.2232
4.3521
7.8964
7.2355
8.1981
1.1968
2.0585
5.8706
4.7165
1.5954
11.3693
1.5447
4.9274
1.1834
5.4743
8.0124
0.6836
2.3542
5.8913
3.3598
4.9162
12.6861
3.7386
6.7561
5.3897
1.9661
4.6603
1.7239
9.5736
0.7863
3.2481
5.3317
2.0069
2.4669
9.2132
0.8786
2.9629
3.4431
5.8911
9.4775
6.5049
2.2256
5.0288
0.829
7.7893
6.7383
5.0721
1.0154
1.9284
1.4092
0.8794
3.699
4.8055
3.2014
8.7972
0.9349
5.7133
3.5979
1.3079
2.0746
1.2723
5.0569
1.1572
3.2338
6.246
2.2943
4.7404
4.1117
7.0674
4.3387
7.2175
1.3797
1.0137
3.4021
10.4319
3.7724
7.7508
2.1531
3.5094
0.439
2.1482
6.7244
1.1734
0.408
1.3161
1.7872
3.7013
1.6602
2.18
5.0101
1.0776
3.7593
2.7711
2.8584
1.318
9.1181
1.3423
0.5528
1.1567
4.7013
4.0297
1.3499
1.773
0.9986
1.6809
1.85
3.644
4.8316
2.1252
4.9157
8.816
1.9391
0.9907
8.0934
5.8346
3.4835
4.2313
8.8773
2.5994
10.0966
1.7857
1.2792
2.9903
5.019
3.2336
2.7236
1.1783
4.9066
1.9453
3.1564
6.6843
10.6952
4.9458
2.4348
3.6467
2.5941
0.3252
6.0492
4.518
1.7936
1.682
3.6195
2.2132
2.1894
4.667
5.6732
1.929
4.3476
5.6253
4.2999
3.192
4.7796
2.3333
10.8824
1.6804
5.0659
1.9089
3.381
0.7211
5.8841
1.972
2.4775
5.9127
5.2725
4.3339
3.9533
2.7423
1.2834
1.0397
5.0194
1.3043
3.0118
11.0016
13.7986
3.1962
1.9406
2.0212
4.1742
7.939
17.2797
9.6237
4.6785
5.0435
2.342
2.0925
5.6702
7.4057
2.0804
4.6086
6.708
0.9144
0.966
0.3068
3.6835
3.1708
2.2962
4.3892
0.5755
7.56
1.7134
1.4121
9.0297
1.0594
2.0573
2.6731
4.5466
2.1356
2.3849
5.457
3.0541
1.4067
3.4882
1.4565
3.2288
3.2655
3.68
4.6465
4.7353
1.4357
3.513
1.8133
10.2757
3.448
1.0081
4.7642
5.1108
3.5064
8.6332
0.7269
1.8818
6.8811
2.7967
9.213
2.2817
2.9954
9.2293
6.4021
2.9787
2.3516
3.6163
8.569
2.2148
3.5922
2.8302
7.6139
3.1092
6.5414
5.5255
7.0791
4.1102
1.3593
5.3955
6.6146
1.9737
1.8897
4.1954
6.31
3.5281
2.0811
3.486
0.4828
2.7879
5.0256
5.2667
2.0187
10.4802
4.5714
5.4163
0.472
2.0296
3.3278
3.4628
5.9225
1.187
1.3987
11.9007
0.9949
2.1823
0.9923
1.2274
1.3179
4.3644
1.9126
7.3158
4.7076
2.6026
2.9312
3.5715
9.6193
11.1575
1.9781
2.3494
2.2356
2.0211
3.8109
2.6197
3.3231
1.6969
3.2674
8.5724
3.0622
2.9638
1.7274
3.3559
8.6653
3.9409
8.1075
6.8401
1.3168
4.8339
7.339
4.1771
11.7697
2.5625
3.3278
2.0222
1.4053
0.5818
0.7486
3.536
0.621
5.2941
4.3606
0.5245
3.5843
4.119
1.3191
2.8359
3.0434
4.442
2.718
