0.8906377950354224 0.7336544325338894 0.006689415267914778 
0.8366350536301327 3.0899208919987813 -1.0713808003033312 
0.80546647843165 2.119186741804219 -0.4932596028947056 
0.014677889631770857 0.7210659074440426 1.245393723882568 
1.0064182726881985 1.1996318282031737 0.9381183950160855 
0.3298588932588873 -0.3658432288138649 1.987475180123218 
1.2280879194964656 2.9866260357866192 2.4455244429636402 
0.7348324981463514 1.026819094175112 0.3552508909110387 
-0.15721258239814007 1.5919426502264755 -0.6747107429890105 
1.5974174503284506 0.8043672776998823 0.9667221407333824 
