1.4144281932253577 1.886703371824297 
2.2308700147634606 0.7965400574208492 
0.4482863127809601 -0.11146542462744868 
-0.43451243790827165 2.6030070017240527 
0.011151269730833469 0.29440674006423884 
2.5924381940412826 0.382425568108654 
0.9043632199378482 0.9713200325270029 
1.2620234499017742 2.0454374329470744 
0.21998125499961774 1.891221508968869 
-1.7843875740746578 1.261567226459888 
-0.2881714674455842 -0.009902093430630865 
0.47793978328464193 0.22416719094645898 
0.6717810281378351 1.463606411820866 
0.9380978844900629 1.9229896334948502 
0.3390931800448147 0.14556415976632153 
-1.6953740192878062 -0.6383783151250986 
-0.7675572635102927 0.13228914050561402 
1.9427076274860884 1.9351659748714423 
1.368103554046922 1.0830257977848632 
2.988404374519636 0.7546784228450009 
