1200
344
345
346
347
340
341
342
343
348
349
298
299
296
297
294
295
292
293
290
291
587
270
271
272
273
274
275
276
277
278
279
1780
1781
2189
108
109
102
103
100
101
106
107
104
105
2046
2047
2044
2045
2042
2043
2040
2041
2048
2049
99
98
91
90
93
92
95
94
97
96
1991
1622
1621
1620
1995
1626
1997
1624
1999
1998
1629
1628
559
558
555
554
557
556
551
550
553
552
1199
1198
1191
1190
1193
1192
1195
1194
1197
1196
1759
1758
1757
1756
1755
1754
1753
1752
1751
1750
1177
1176
1175
1174
1173
1172
1171
1170
1179
1178
1007
1006
1005
1285
1284
1287
512
1281
1280
1283
1282
1003
1289
1288
1002
1579
1578
689
517
1573
1572
687
686
1577
1576
683
1574
623
622
1240
1225
620
1223
1222
1221
1220
1371
1370
1373
1372
1375
1374
1377
451
1379
1378
1342
409
408
1343
1344
1345
1346
1347
379
378
371
370
373
2038
375
374
377
376
393
392
391
390
397
396
395
394
399
398
895
1246
245
244
247
246
241
240
243
242
249
248
972
2198
179
178
177
176
175
174
173
172
171
170
2051
2050
2053
2052
2055
2054
2057
2056
2059
2058
654
1501
1506
1507
650
651
1601
1600
1975
1974
1605
1604
1607
1115
1968
1969
1618
1619
1964
1617
1614
1967
1612
1613
1962
1611
1768
1769
1762
1763
1760
1761
1766
1767
1764
1765
1142
1143
1140
1141
1146
1147
1144
1145
1148
1149
692
1547
1544
691
1542
697
694
1541
698
699
1548
1549
542
543
540
541
546
547
544
545
548
549
760
1783
766
767
1786
1627
765
414
415
416
417
410
1389
412
413
1384
1385
1386
1387
418
1381
1382
1383
368
369
366
367
364
365
362
363
360
361
380
381
382
383
384
385
386
387
388
389
1077
2190
2191
2192
259
2194
2195
2196
2197
252
253
250
251
256
257
254
255
2200
2201
2202
2203
2204
900
901
168
169
164
165
166
167
160
161
162
163
1841
909
678
609
1091
1814
1815
1816
1817
1810
1811
1812
1813
1093
1818
1819
670
671
1609
1608
1979
1978
1977
1976
1603
1602
1973
1972
1971
1606
809
808
803
802
801
800
807
806
805
804
1775
1774
1777
1776
1771
1770
1773
1772
1779
1778
1159
1158
1155
1154
1157
1156
1151
1150
1153
1152
59
1554
1551
1550
1553
1552
1555
58
1557
1556
55
54
57
56
51
50
53
52
537
536
535
534
533
532
531
1558
539
538
429
428
1399
1398
421
1396
1395
1394
1393
424
1391
426
530
853
1443
1321
1970
2183
2182
2181
2180
2187
2186
229
2184
227
226
225
224
223
222
221
220
151
150
153
372
155
154
157
156
159
158
2199
1807
1806
1805
1804
1803
1802
1801
1800
1809
1808
1524
1948
1949
1525
1942
1943
1940
1941
1946
1947
1944
1945
818
0
1527
810
811
812
813
814
815
816
1253
1623
1522
1990
1251
1993
1490
1491
1492
1493
1494
1495
1496
420
1498
1499
423
1994
1700
1701
1702
1703
1704
1705
1706
1707
1708
1709
1996
1392
427
1390
1128
1129
1120
1121
1122
1123
1124
1125
1126
1127
524
525
526
527
1018
1019
522
523
1014
1015
1016
1017
528
1011
1012
1013
1234
1235
1236
1237
1230
1231
1232
1233
1238
1239
438
439
436
437
434
435
432
433
430
431
1960
1961
238
239
234
235
236
237
230
231
232
233
1
146
147
144
145
142
143
140
141
148
149
2088
2089
2082
2083
2080
2081
2086
2087
2084
2085
1832
1833
1830
1831
1836
1837
1834
1835
1838
1839
2154
2155
2156
2157
2150
2151
2152
2153
933
932
931
930
2158
936
935
934
1955
1954
1957
1956
1951
1950
1953
1952
1959
1958
829
828
825
824
827
826
821
820
823
822
1483
1482
1481
1480
1487
1486
1485
1484
1489
1488
1713
2147
1711
794
793
792
1715
929
1719
1718
799
798
1270
1271
1272
1139
1138
1133
1132
1131
1130
1137
1136
1135
1275
614
476
1277
519
518
926
1009
1008
511
510
513
1004
515
514
1001
1000
1227
1226
621
1224
627
626
625
624
629
628
1229
1228
1535
2
1286
11
10
13
12
15
14
17
16
19
18
688
201
200
203
202
205
204
207
206
209
208
685
684
1571
1570
681
680
1575
682
2185
228
2095
2094
2097
2096
2091
2090
2093
2092
2099
2098
2188
1829
1828
1825
1824
1827
1826
1821
1820
1823
1822
928
2146
2145
2144
2143
2142
2141
2140
920
921
922
923
924
925
2149
2148
1920
1921
1922
1923
1924
1925
1926
1927
1928
1929
832
833
830
831
836
837
834
835
838
839
3
784
785
786
787
780
781
782
1729
1726
1727
1724
1725
1722
789
1720
1721
60
61
62
152
64
65
66
67
68
69
407
1588
1589
406
1582
1583
1580
1581
1586
405
1584
1585
1038
404
508
509
1032
403
504
1031
1036
503
1034
402
1212
1213
1210
1211
634
1217
1214
637
638
639
1218
1219
465
1728
783
1106
1107
1104
1105
1450
1103
1452
1453
1458
1459
1108
1109
788
1723
959
2137
216
217
214
215
212
213
210
211
218
219
2138
2139
462
4
63
1858
1859
1850
1851
1852
1853
1854
1855
1856
1857
2172
2173
2170
2171
2176
2177
2174
2175
915
914
917
2179
911
910
913
912
516
1933
1932
1931
1930
1937
1936
1935
1934
1939
1938
847
846
845
844
843
842
841
840
849
848
664
459
663
1587
1739
1738
1731
1730
1733
1732
662
1734
1737
1736
1039
796
753
752
751
750
757
756
755
754
759
758
1595
1594
1597
1596
1591
1590
1593
507
1599
1598
1025
1024
1027
1026
1021
1020
1023
1022
502
1029
1028
1037
500
1035
605
604
607
606
601
1208
603
602
1205
1204
1207
1206
1201
608
1203
1202
633
1216
635
636
1215
1447
1446
1113
1112
5
1114
1441
1352
1119
1118
467
1449
1448
466
1357
450
460
463
489
488
487
486
485
484
483
482
481
480
790
619
199
198
195
194
197
196
191
190
193
192
1454
1455
1456
1457
1102
1451
1100
1101
902
903
1849
1848
906
907
904
905
1843
1842
908
1840
1847
1846
1845
1844
2169
2168
2165
2164
2167
2166
2161
2160
2163
2162
1908
1909
1906
1907
1904
1905
1902
1903
1900
1901
854
855
856
857
850
851
852
819
858
859
6
425
611
817
740
741
742
743
744
745
746
747
748
749
1440
1050
1051
1052
1053
1054
1055
1056
1057
1058
1059
1696
1697
1694
1695
1692
1693
1690
1691
1791
1698
1699
1278
1279
618
714
612
613
610
1273
616
617
1276
615
1795
1794
1472
1473
1470
1471
1476
1477
1474
1475
1478
1479
1304
1305
1306
1307
1300
1301
1302
1303
1497
1308
1309
498
499
494
495
496
497
490
491
492
493
24
25
26
27
20
21
22
23
927
28
29
1875
1511
7
1879
976
411
591
1086
593
1876
1877
1874
1084
1872
1873
1870
1871
1083
1878
1082
977
182
975
974
973
1081
971
970
1080
979
978
2118
2119
180
181
186
187
184
185
2110
2111
2112
2113
2114
2115
2116
2117
1919
1918
1911
1910
1913
1912
1915
1914
1917
1916
869
868
189
861
860
863
862
865
864
867
866
2024
2025
2026
2027
2020
2021
2022
2023
2028
2029
656
883
882
881
880
887
886
885
884
889
888
1503
775
774
777
776
771
770
773
772
779
778
419
77
76
75
74
73
72
71
70
79
78
1043
1042
1041
1040
1047
1046
1045
1044
1049
1048
1681
1680
1683
1682
1685
1684
1687
1686
1689
1688
1269
1268
669
668
667
666
665
1260
1267
1266
1265
1264
640
264
1469
1468
1465
1464
1467
1466
1461
1460
1463
1462
1317
1316
1315
1314
1313
1312
1311
1310
1319
1318
1010
529
319
318
313
312
311
310
317
316
315
314
1520
1335
1030
442
441
1336
1331
446
445
1332
630
631
632
1615
1861
1860
1863
1862
1865
1864
1867
1866
1869
1868
964
965
966
967
960
961
962
963
401
968
969
2109
2108
2103
2102
2101
2100
2107
2106
2105
2104
30
400
1537
878
879
876
877
874
875
872
873
870
871
2037
2036
2035
1242
2033
2032
2031
2030
9
1533
2039
1532
890
891
892
893
894
1531
896
897
898
899
646
649
1248
262
641
1616
422
1965
1966
1788
1789
768
769
265
762
763
1782
761
1784
1785
764
1787
1610
1963
1078
1079
1076
643
1074
1075
1072
1073
1070
1071
1678
1679
1674
1675
1676
1677
1670
1671
1672
1673
1094
1095
1096
1097
1090
679
1092
642
674
675
676
677
1098
1099
672
673
645
1418
1419
1410
1411
1412
1413
1414
1415
1416
1417
1322
1323
1320
644
1326
1327
1324
1325
1328
1329
647
1256
1257
1254
1255
1252
1521
1250
1523
1528
1529
1258
1259
308
309
300
301
302
303
304
305
306
307
1625
470
471
1898
1899
1894
1895
1896
1897
1890
1891
1892
1893
2136
958
2134
2135
2132
2133
2130
2131
951
950
953
952
955
954
957
956
1442
477
2002
2003
2000
2001
2006
2007
2004
2005
2008
2009
506
2034
1263
1262
717
919
1261
918
1799
1798
719
718
1793
716
715
1790
1797
712
711
710
661
505
660
2178
1069
1068
916
1061
1060
1063
1062
1065
1064
1067
1066
1669
1668
1667
1666
1665
1664
1663
1662
1661
1660
1087
590
1085
592
595
594
597
596
599
598
1089
1088
1526
713
1409
1408
1403
1402
1401
1400
1407
1406
1405
1404
1546
449
448
1339
1338
693
443
1334
1337
440
447
690
1333
444
501
1545
696
1631
1543
39
38
1540
33
32
31
695
37
36
35
34
1241
1536
1243
1534
1245
1244
1247
1530
1249
648
1539
1538
339
338
335
334
337
336
331
330
333
332
8
1636
1889
1888
1887
1886
1885
1884
1883
1882
1881
1880
2121
2120
2123
2122
2125
2124
948
2126
2129
947
944
945
942
943
940
941
133
132
131
130
137
136
135
134
139
138
2019
2018
2015
2014
2017
2016
2011
2010
2013
2012
183
708
709
704
705
706
707
700
701
702
703
88
89
82
83
80
81
86
87
84
85
1658
1659
1652
1653
1650
1651
1656
1657
1654
1655
586
1630
584
585
582
583
580
581
1632
588
589
1633
1982
1348
1983
1436
1437
1434
1435
1432
1433
1430
1431
1380
1637
1438
1439
458
1349
1340
1341
452
453
454
455
456
457
1502
657
1500
655
652
653
1504
1505
1508
1509
658
659
1992
2127
188
946
2128
1376
322
323
320
321
326
327
324
325
328
329
949
1592
995
994
997
996
991
990
993
992
999
998
120
121
122
123
124
125
126
127
128
129
520
2068
2069
2060
2061
2062
2063
2064
2065
2066
2067
521
1134
1748
1749
1397
1559
1645
1644
1647
1646
1641
1640
1643
1642
1649
1648
728
729
579
578
573
572
571
570
577
576
575
574
1209
600
1421
1420
1423
1422
1425
1424
1427
1426
1429
1428
939
731
730
733
938
735
734
737
736
739
738
1359
1358
469
468
1353
464
1351
1350
461
1356
1355
1354
937
2159
1519
1518
1515
1514
1517
1516
1274
1510
1513
1512
1735
49
357
356
355
354
353
352
351
350
359
358
1033
1111
1110
1445
289
288
1444
281
280
283
282
285
284
287
286
1117
1116
263
1560
261
260
267
266
1792
1561
269
268
1562
1563
1564
258
1565
2193
1566
1295
988
989
982
983
980
981
986
987
984
985
115
114
117
116
111
110
113
112
119
118
2079
2078
2073
2072
2071
2070
2077
2076
2075
2074
1388
1796
1330
1986
1987
1984
1985
1634
1635
1980
1981
1638
1639
1988
1989
568
569
560
561
562
563
564
565
566
567
1188
1189
1186
1187
1184
1185
1182
1183
1180
1181
726
727
724
725
722
723
720
721
1744
1745
1746
1747
1740
1741
1742
1743
1164
1165
1166
1167
1160
1161
1162
1163
1168
1169
472
48
1367
46
47
44
45
42
43
40
41
1568
1569
1298
1299
1292
1293
1290
1291
1296
1297
1294
1567
797
1360
1712
475
795
1710
1717
1716
791
732
1714
1366
473
1364
1365
1362
1363
474
1361
478
479
1368
1369
