8.98452536462122 0
73.32936832268699 0
104.65794280110939 1
250.65794280110939 1
215.65794280110939 1
270.65794280110939 1
281.65794280110939 1
220.65794280110939 1
263.65794280110939 1
272.65794280110939 1
280.65794280110939 1
281.65794280110939 1
225.65794280110939 1
230.65794280110939 1
276.65794280110939 1
287.65794280110939 1
110.53111726063374 1
66.2411429387464 0
51.73162075721022 0
101.10312122381305 1
29.461194981957547 0
61.33875935839072 0
62.35744287516311 0
77.4768137609081 0
119.40808920735469 1
77.85712780574431 0
61.39546386218829 0
46.176549712381295 0
47.03062893008307 0
101.57510071946271 1
169.73530449246752 1
128.96789671226276 1
40.283700345578325 0
48.56158521996377 0
50.88917485897292 0
69.26653138574036 0
105.89427109351195 1
46.47215233276628 0
55.09260657887912 0
41.488069318241415 0
118.71355748263143 1
124.11434154889497 1
144.98747236533856 1
87.5375116425235 1
68.73128669188172 0
96.58327030470383 1
51.84383968608873 0
66.53360765348766 0
69.29036203785213 0
108.19682862670167 1
84.64624329495486 1
91.75270384712208 1
